1 0.2816369047619047 0.7641860465116278 0.06656746031746032 0.07106976744186046
1 0.31552579365079364 0.5549418604651163 0.06525793650793651 0.06955813953488373
1 0.24195436507936507 0.539639534883721 0.06287698412698413 0.07788372093023256
4 0.17311507936507936 0.14465116279069767 0.07480158730158731 0.0333953488372093
1 0.35468253968253965 0.4610581395348837 0.060515873015873016 0.07369767441860466
1 0.12092261904761903 0.5514651162790698 0.07001984126984127 0.06813953488372093
1 0.8197718253968254 0.17309302325581397 0.0677579365079365 0.07665116279069768
1 0.680406746031746 0.614046511627907 0.061686507936507935 0.05981395348837209
1 0.6477777777777778 0.674546511627907 0.060515873015873016 0.07788372093023256
1 0.5534424603174604 0.8136395348837209 0.07831349206349206 0.09458139534883721
1 0.5581845238095238 0.9367209302325582 0.07593253968253968 0.09041860465116279
1 0.11023809523809525 0.811546511627907 0.07476190476190477 0.0931860465116279
1 0.11438492063492063 0.9360232558139535 0.07357142857142857 0.0945581395348837
4 0.5842857142857142 0.14465116279069767 0.14714285714285713 0.0333953488372093
4 0.7575396825396825 0.143953488372093 0.07357142857142857 0.029209302325581398
4 0.7557539682539682 0.9075116279069768 0.11984126984126983 0.02641860465116279
4 0.27577380952380953 0.9068139534883721 0.04746031746031747 0.02502325581395349
4 0.3469642857142857 0.9061279069767442 0.049841269841269846 0.02086046511627907
1 0.10549603174603175 0.11058139534883721 0.0628968253968254 0.07372093023255814
1 0.10609126984126983 0.17106976744186048 0.06408730158730158 0.07232558139534884
1 0.35231150793650795 0.1189186046511628 0.0676388888888889 0.07927906976744187
1 0.26093253968253965 0.7030581395348837 0.060515873015873016 0.07648837209302325
1 0.8198313492063491 0.11405813953488372 0.06525793650793651 0.08067441860465116
2 0.44664682539682543 0.5250348837209302 0.8899603174603175 0.783046511627907
3 0.04972222222222223 0.6801162790697675 0.07948412698412699 0.13906976744186045
0 0.2152579365079365 0.4777558139534884 0.15662698412698411 0.08206976744186047
0 0.7895734126984127 0.6029302325581395 0.18986111111111112 0.09874418604651163
3 0.5747916666666668 0.6689883720930233 0.06882936507936507 0.17244186046511628
3 0.4982638888888889 0.683593023255814 0.07001984126984127 0.13769767441860464