1 0.2748015873015873 0.2441860465116279 0.061507936507936505 0.07906976744186046
1 0.45337301587301587 0.2837209302325581 0.05952380952380952 0.07674418604651163
1 0.4662698412698413 0.19767441860465115 0.06547619047619048 0.07441860465116279
4 0.8035714285714286 0.11627906976744186 0.027777777777777776 0.08837209302325581
1 0.5327380952380952 0.3302325581395349 0.06349206349206349 0.06976744186046512
1 0.45634920634920634 0.05581395348837209 0.057539682539682536 0.08139534883720931
1 0.7787698412698413 0.8744186046511628 0.06547619047619048 0.07906976744186046
1 0.4027777777777778 0.7116279069767442 0.051587301587301584 0.07209302325581396
1 0.35119047619047616 0.6732558139534883 0.06547619047619048 0.06976744186046512
1 0.23214285714285715 0.5627906976744186 0.08134920634920635 0.09069767441860466
1 0.12698412698412698 0.5686046511627907 0.07738095238095238 0.08837209302325581
1 0.23412698412698413 0.04302325581395349 0.07936507936507936 0.08604651162790698
1 0.12797619047619047 0.047674418604651166 0.08134920634920635 0.08604651162790698
4 0.8035714285714286 0.5988372093023255 0.027777777777777776 0.17209302325581396
4 0.8035714285714286 0.8023255813953488 0.025793650793650792 0.08604651162790698
4 0.1527777777777778 0.8 0.021825396825396824 0.13953488372093023
4 0.1527777777777778 0.2372093023255814 0.021825396825396824 0.05581395348837209
4 0.15376984126984128 0.3209302325581395 0.017857142857142856 0.05813953488372093
1 0.8323412698412699 0.037209302325581395 0.06349206349206349 0.07441860465116279
1 0.7807539682539683 0.03837209302325582 0.061507936507936505 0.07441860465116279
1 0.8253968253968254 0.3267441860465116 0.06746031746031746 0.07906976744186046
1 0.3263888888888889 0.21976744186046512 0.06547619047619048 0.06976744186046512
1 0.8293650793650794 0.8744186046511628 0.06944444444444445 0.07674418604651163
2 0.4771825396825397 0.4790697674418605 0.6686507936507936 0.958139534883721
3 0.34523809523809523 0.009302325581395349 0.11904761904761904 0.018604651162790697
0 0.5188492063492064 0.16627906976744186 0.06944444444444445 0.18372093023255814
0 0.4117063492063492 0.8395348837209302 0.08333333333333333 0.22325581395348837
3 0.35615079365079366 0.5872093023255814 0.14682539682539683 0.08139534883720931
3 0.34325396825396826 0.49767441860465117 0.11706349206349206 0.08139534883720931