1 0.28174603174603174 0.763953488372093 0.06746031746031746 0.07209302325581396
1 0.31547619047619047 0.5546511627906977 0.06547619047619048 0.06976744186046512
1 0.24206349206349206 0.5395348837209303 0.06349206349206349 0.07674418604651163
4 0.17261904761904762 0.14418604651162792 0.07539682539682539 0.03255813953488372
1 0.3551587301587302 0.46162790697674416 0.05952380952380952 0.07441860465116279
1 0.12103174603174603 0.5511627906976744 0.06944444444444445 0.06744186046511629
1 0.8194444444444444 0.17325581395348838 0.06746031746031746 0.07674418604651163
1 0.6805555555555556 0.6139534883720931 0.061507936507936505 0.06046511627906977
1 0.6478174603174603 0.6744186046511628 0.05952380952380952 0.07674418604651163
1 0.5535714285714286 0.813953488372093 0.07738095238095238 0.09534883720930233
1 0.558531746031746 0.9372093023255814 0.07539682539682539 0.09069767441860466
1 0.11011904761904762 0.8116279069767441 0.07539682539682539 0.09302325581395349
1 0.11408730158730158 0.936046511627907 0.07341269841269842 0.09534883720930233
4 0.5843253968253969 0.14418604651162792 0.14682539682539683 0.03255813953488372
4 0.7579365079365079 0.14418604651162792 0.07341269841269842 0.030232558139534883
4 0.7559523809523809 0.9069767441860465 0.11904761904761904 0.02558139534883721
4 0.2757936507936508 0.9069767441860465 0.047619047619047616 0.02558139534883721
4 0.3472222222222222 0.9058139534883721 0.0496031746031746 0.020930232558139535
1 0.10515873015873016 0.11046511627906977 0.06349206349206349 0.07441860465116279
1 0.10615079365079365 0.17093023255813952 0.06349206349206349 0.07209302325581396
1 0.3521825396825397 0.1186046511627907 0.06746031746031746 0.07906976744186046
1 0.26091269841269843 0.7034883720930233 0.05952380952380952 0.07674418604651163
1 0.8194444444444444 0.11395348837209303 0.06547619047619048 0.08139534883720931
2 0.44642857142857145 0.5255813953488372 0.8908730158730159 0.7837209302325582
3 0.0496031746031746 0.6802325581395349 0.07936507936507936 0.13953488372093023
0 0.2152777777777778 0.47790697674418603 0.15674603174603174 0.08139534883720931
0 0.7896825396825397 0.6034883720930233 0.19047619047619047 0.09767441860465116
3 0.5744047619047619 0.6686046511627907 0.06944444444444445 0.17209302325581396
3 0.498015873015873 0.6837209302325581 0.06944444444444445 0.1372093023255814