4 0.650180412371134 0.18499999999999997 0.13690721649484536 0.027824561403508773
2 0.49694587628865977 0.5382719298245614 0.8969845360824742 0.720438596491228
4 0.24971649484536082 0.8977982456140351 0.17365979381443297 0.02921052631578947
4 0.4264561855670103 0.8943245614035088 0.06945876288659794 0.025035087719298244
4 0.7952577319587629 0.8957105263157895 0.17365979381443297 0.025035087719298244
4 0.7850515463917527 0.18569298245614035 0.14097938144329897 0.02921052631578947
0 0.42747422680412367 0.8456403508771929 0.14097938144329897 0.10292982456140351
1 0.5398582474226804 0.16205263157894736 0.10012886597938145 0.07649122807017544
1 0.5184020618556701 0.2559385964912281 0.09396907216494846 0.07510526315789474
1 0.13529639175257732 0.3838859649122807 0.08378865979381443 0.05563157894736842
1 0.46731958762886605 0.6265877192982455 0.11850515463917526 0.09040350877192983
1 0.25890463917525774 0.5271491228070175 0.08172680412371135 0.052859649122807016
1 0.33144329896907215 0.7663684210526317 0.10829896907216496 0.07231578947368421
1 0.5490463917525773 0.7969649122807018 0.10623711340206185 0.08343859649122808
1 0.553131443298969 0.9214473684210527 0.11440721649484537 0.08205263157894738
4 0.315090206185567 0.18569298245614035 0.17775773195876288 0.02921052631578947