4 0.9626288659793815 0.3973684210526316 0.041237113402061855 0.09298245614035087
2 0.48582474226804123 0.5017543859649123 0.9716494845360825 0.6105263157894737
4 0.961340206185567 0.306140350877193 0.04381443298969072 0.09649122807017543
0 0.03350515463917526 0.5482456140350878 0.06701030927835051 0.09649122807017543
1 0.9690721649484536 0.4728070175438597 0.061855670103092786 0.06842105263157895
1 0.8582474226804123 0.48771929824561405 0.11082474226804123 0.06315789473684211
1 0.6701030927835051 0.7482456140350877 0.08247422680412371 0.05789473684210526
1 0.31443298969072164 0.5219298245614035 0.13402061855670103 0.08070175438596491
1 0.46005154639175255 0.6640350877192982 0.07731958762886598 0.056140350877192984
1 0.10824742268041238 0.6149122807017544 0.1056701030927835 0.07368421052631578
1 0.06314432989690721 0.4666666666666667 0.12371134020618557 0.07192982456140351
4 0.961340206185567 0.625438596491228 0.04381443298969072 0.12105263157894737