4 0.33666666666666667 0.3 0.02666666666666667 0.07555555555555556
4 0.5066666666666667 0.57 0.085 0.035555555555555556
4 0.68 0.57 0.085 0.03111111111111111
4 0.335 0.6677777777777778 0.02 0.07777777777777778
4 0.3358333333333333 0.9655555555555555 0.021666666666666667 0.06888888888888889
1 0.4841666666666667 0.016666666666666666 0.065 0.03333333333333333
1 0.42583333333333334 0.23222222222222222 0.058333333333333334 0.09111111111111111
1 0.6 0.2388888888888889 0.04666666666666667 0.06666666666666667
1 0.31666666666666665 0.5077777777777778 0.065 0.08
1 0.4066666666666667 0.5888888888888889 0.055 0.07777777777777778
1 0.7175 0.8266666666666667 0.04666666666666667 0.057777777777777775
1 0.5825 0.9755555555555555 0.04833333333333333 0.04888888888888889
4 0.33666666666666667 0.024444444444444446 0.02666666666666667 0.04888888888888889
4 0.4033333333333333 0.45444444444444443 0.03833333333333333 0.028888888888888888
3 0.36666666666666664 0.7011111111111111 0.051666666666666666 0.14222222222222222
0 0.5941666666666666 0.3422222222222222 0.17333333333333334 0.15777777777777777
2 0.5666666666666667 0.7244444444444444 0.4666666666666667 0.5511111111111111
2 0.5066666666666667 0.21555555555555556 0.3466666666666667 0.4311111111111111
0 0.6641666666666667 0.83 0.08 0.09555555555555556
3 0.3675 0.07 0.056666666666666664 0.09333333333333334
3 0.28 0.5077777777777778 0.03166666666666667 0.08888888888888889