4 0.65 0.7177777777777777 0.056666666666666664 0.035555555555555556
4 0.4475 0.4911111111111111 0.02666666666666667 0.11333333333333333
4 0.4475 0.26 0.023333333333333334 0.11333333333333333
4 0.37416666666666665 0.72 0.058333333333333334 0.02666666666666667
4 0.1075 0.7177777777777777 0.13833333333333334 0.028888888888888888
4 0.035 0.2222222222222222 0.02666666666666667 0.1111111111111111
1 0.8783333333333333 0.5211111111111111 0.056666666666666664 0.08666666666666667
1 0.7008333333333333 0.5988888888888889 0.06833333333333333 0.07777777777777778
1 0.6958333333333333 0.36666666666666664 0.05 0.06222222222222222
1 0.49416666666666664 0.7444444444444445 0.06 0.08666666666666667
1 0.43333333333333335 0.6244444444444445 0.058333333333333334 0.07333333333333333
1 0.255 0.21 0.043333333333333335 0.06222222222222222
1 0.09833333333333333 0.18666666666666668 0.055 0.07333333333333333
1 0.14 0.39 0.043333333333333335 0.06444444444444444
1 0.09916666666666667 0.3888888888888889 0.045 0.06444444444444444
4 0.965 0.42777777777777776 0.02 0.08
4 0.87 0.7166666666666667 0.065 0.035555555555555556
4 0.5341666666666667 0.6288888888888889 0.021666666666666667 0.051111111111111114
3 0.3491666666666667 0.6777777777777778 0.10666666666666667 0.06888888888888889
0 0.6183333333333333 0.37444444444444447 0.11833333333333333 0.2311111111111111
2 0.2841666666666667 0.4111111111111111 0.5066666666666667 0.6222222222222222
2 0.76 0.49 0.41833333333333333 0.4622222222222222
0 0.2525 0.2811111111111111 0.07166666666666667 0.10666666666666667
3 0.8225 0.6766666666666666 0.07 0.07555555555555556
3 0.49416666666666664 0.7933333333333333 0.06666666666666667 0.042222222222222223