4 0.34981666666666666 0.7175999999999999 0.056333333333333326 0.03617777777777778
4 0.552175 0.4908888888888889 0.027116666666666667 0.11404444444444445
4 0.552175 0.2600222222222222 0.022949999999999998 0.11404444444444445
4 0.6262416666666667 0.7196888888888889 0.058416666666666665 0.026444444444444444
4 0.8927499999999999 0.7183 0.13873333333333332 0.029222222222222222
4 0.9647333333333333 0.22247777777777777 0.02606666666666667 0.11126666666666667
1 0.12189166666666668 0.5208111111111111 0.057383333333333335 0.08762222222222223
1 0.2992166666666667 0.5993888888888889 0.0678 0.07788888888888888
1 0.3039166666666667 0.36711111111111117 0.05006666666666666 0.0612
1 0.5057583333333333 0.7447222222222222 0.05945 0.08762222222222223
1 0.566775 0.624411111111111 0.058416666666666665 0.07233333333333333
1 0.7446333333333333 0.20995555555555553 0.04276666666666667 0.0612
1 0.901625 0.1870111111111111 0.05424999999999999 0.07371111111111112
1 0.8599000000000001 0.3900666666666667 0.0438 0.06537777777777778
1 0.90105 0.3893666666666667 0.04496666666666667 0.06397777777777777
4 0.03530833333333334 0.42831111111111114 0.019816666666666666 0.08066666666666666
4 0.12971666666666667 0.7168999999999999 0.06466666666666666 0.034777777777777776
4 0.4661166666666667 0.6292888888888889 0.0219 0.05146666666666667
3 0.650725 0.6778222222222223 0.10631666666666667 0.0696
0 0.38204166666666667 0.3743333333333333 0.11791666666666667 0.23066666666666666
2 0.7159416666666668 0.4116222222222222 0.50695 0.6230666666666667
2 0.23976666666666666 0.49019999999999997 0.4183 0.46315555555555554
0 0.7478583333333334 0.2815666666666667 0.07248333333333333 0.10695555555555557
3 0.17714166666666667 0.6765333333333333 0.06958333333333333 0.07475555555555556
3 0.5062416666666667 0.7931555555555556 0.06668333333333333 0.04253333333333333