2 0.5363300492610837 0.5 0.37807881773399016 1
0 0.39655172413793105 0.4784172661870504 0.08251231527093596 0.14628297362110312
0 0.40086206896551724 0.8657074340527577 0.08990147783251232 0.2685851318944844
1 0.3725369458128079 0.6774580335731415 0.05295566502463054 0.09832134292565947
1 0.5153940886699507 0.790167865707434 0.05172413793103448 0.10071942446043165
1 0.4661330049261084 0.7865707434052758 0.050492610837438424 0.1079136690647482
1 0.5566502463054187 0.46642685851318944 0.05172413793103448 0.10311750599520383
1 0.4291871921182266 0.8896882494004796 0.0480295566502463 0.08872901678657075
1 0.33004926108374383 0.6798561151079137 0.04926108374384237 0.09592326139088729
4 0.7124384236453202 0.02997601918465228 0.02586206896551724 0.05995203836930456
4 0.7149014778325123 0.2146282973621103 0.024630541871921183 0.10311750599520383
4 0.7130541871921182 0.5635491606714629 0.024630541871921183 0.14388489208633093
4 0.7112068965517241 0.9124700239808153 0.02586206896551724 0.14148681055155876
1 0.4248768472906404 0.5491606714628298 0.04064039408866995 0.1079136690647482