2 0.541256157635468 0.42805755395683454 0.6317733990147784 0.7362110311750599
0 0.5110837438423645 0.7014388489208633 0.07512315270935961 0.1606714628297362
0 0.30726600985221675 0.6918465227817746 0.1477832512315271 0.1750599520383693
1 0.4088669950738916 0.7482014388489209 0.050492610837438424 0.10311750599520383
1 0.35098522167487683 0.47002398081534774 0.05172413793103448 0.10071942446043165
1 0.3522167487684729 0.565947242206235 0.05541871921182266 0.09832134292565947
1 0.5172413793103449 0.38968824940047964 0.05295566502463054 0.10071942446043165
1 0.2998768472906404 0.6378896882494005 0.04556650246305419 0.09352517985611511
1 0.40763546798029554 0.8309352517985612 0.04926108374384237 0.09592326139088729
4 0.8466748768472906 0.19664268585131894 0.022167487684729065 0.21342925659472423
4 0.7758620689655172 0.08513189448441247 0.10098522167487685 0.050359712230215826
4 0.646551724137931 0.0815347721822542 0.05295566502463054 0.047961630695443645
4 0.46736453201970446 0.08513189448441247 0.07389162561576355 0.047961630695443645
4 0.2881773399014778 0.08872901678657075 0.07266009852216748 0.050359712230215826
4 0.8491379310344828 0.6282973621103117 0.020935960591133004 0.14628297362110312
1 0.8257389162561576 0.434052757793765 0.05295566502463054 0.10551558752997602
1 0.8688423645320197 0.44004796163069543 0.050492610837438424 0.1079136690647482
1 0.4747536945812808 0.6462829736211031 0.05541871921182266 0.07913669064748201