1 0.5621134020618557 0.6891330166270784 0.05567010309278351 0.06413301662707839
1 0.5958762886597938 0.37351543942992876 0.060309278350515465 0.06413301662707839
1 0.5940721649484536 0.30195961995249404 0.059278350515463915 0.062351543942992874
1 0.5283505154639175 0.2844418052256532 0.04329896907216495 0.0498812351543943
1 0.41185567010309276 0.3010688836104513 0.06134020618556701 0.06413301662707839
1 0.2597938144329897 0.36728028503562943 0.06134020618556701 0.062351543942992874
1 0.256701030927835 0.3073040380047506 0.0577319587628866 0.05997624703087886
1 0.20670103092783504 0.3061163895486936 0.06907216494845361 0.05997624703087886
1 0.20309278350515464 0.3657957244655582 0.06391752577319587 0.06828978622327792
1 0.1402061855670103 0.8004750593824228 0.059278350515463915 0.06116389548693587
4 0.7775773195876289 0.8776722090261283 0.025257731958762887 0.054038004750593824
4 0.7770618556701031 0.8254156769596199 0.0288659793814433 0.06413301662707839
4 0.7775773195876289 0.41300475059382424 0.025257731958762887 0.062351543942992874
4 0.7783505154639175 0.36371733966745845 0.026804123711340205 0.04156769596199525
4 0.7775773195876289 0.3073040380047506 0.027835051546391754 0.037410926365795724
4 0.7765463917525773 0.2574228028503563 0.027835051546391754 0.06532066508313539
4 0.2327319587628866 0.24287410926365796 0.026804123711340205 0.06413301662707839
4 0.23015463917525772 0.42844418052256533 0.026804123711340205 0.062351543942992874
4 0.16314432989690722 0.6315320665083135 0.025257731958762887 0.037410926365795724
4 0.16494845360824742 0.6932897862232779 0.0288659793814433 0.09204275534441805
4 0.16391752577319588 0.8859857482185273 0.0288659793814433 0.11520190023752969
4 0.16391752577319588 0.9637767220902613 0.0288659793814433 0.04334916864608076
1 0.8525773195876288 0.8191805225653207 0.06134020618556701 0.06828978622327792
1 0.7100515463917526 0.8818289786223278 0.049484536082474224 0.05166270783847981
1 0.631701030927835 0.8839073634204275 0.049484536082474224 0.05819477434679335
1 0.7126288659793815 0.8242280285035629 0.052061855670103095 0.06116389548693587
1 0.6623711340206185 0.6906175771971497 0.0577319587628866 0.05819477434679335
2 0.4670103092783505 0.7963182897862233 0.6453608247422681 0.40736342042755347
0 0.5244845360824743 0.20486935866983372 0.09381443298969072 0.12114014251781473
0 0.6208762886597938 0.9438836104513064 0.07371134020618557 0.08135391923990498
3 0.5015463917525773 0.4569477434679335 0.12886597938144329 0.10926365795724466
3 0.5095360824742268 0.9180522565320665 0.12216494845360824 0.13004750593824227
2 0.4708762886597938 0.3387767220902613 0.6376288659793814 0.417458432304038