1 0.5621134020618557 0.3108669833729216 0.05567010309278351 0.06413301662707839
1 0.5958762886597938 0.6264845605700713 0.060309278350515465 0.06413301662707839
1 0.5940721649484536 0.6980403800475059 0.059278350515463915 0.062351543942992874
1 0.5283505154639175 0.7155581947743468 0.04329896907216495 0.0498812351543943
1 0.41185567010309276 0.6989311163895487 0.06134020618556701 0.06413301662707839
1 0.2597938144329897 0.6327197149643705 0.06134020618556701 0.062351543942992874
1 0.256701030927835 0.6926959619952494 0.0577319587628866 0.05997624703087886
1 0.20670103092783504 0.6938836104513064 0.06907216494845361 0.05997624703087886
1 0.20309278350515464 0.6342042755344418 0.06391752577319587 0.06828978622327792
1 0.1402061855670103 0.1995249406175772 0.059278350515463915 0.06116389548693587
4 0.7775773195876289 0.12232779097387174 0.025257731958762887 0.054038004750593824
4 0.7770618556701031 0.17458432304038005 0.0288659793814433 0.06413301662707839
4 0.7775773195876289 0.5869952494061758 0.025257731958762887 0.062351543942992874
4 0.7783505154639175 0.6362826603325415 0.026804123711340205 0.04156769596199525
4 0.7775773195876289 0.6926959619952494 0.027835051546391754 0.037410926365795724
4 0.7765463917525773 0.7425771971496437 0.027835051546391754 0.06532066508313539
4 0.2327319587628866 0.7571258907363421 0.026804123711340205 0.06413301662707839
4 0.23015463917525772 0.5715558194774347 0.026804123711340205 0.062351543942992874
4 0.16314432989690722 0.36846793349168644 0.025257731958762887 0.037410926365795724
4 0.16494845360824742 0.3067102137767221 0.0288659793814433 0.09204275534441805
4 0.16391752577319588 0.11401425178147269 0.0288659793814433 0.11520190023752969
4 0.16391752577319588 0.03622327790973872 0.0288659793814433 0.04334916864608076
1 0.8525773195876288 0.18081947743467933 0.06134020618556701 0.06828978622327792
1 0.7100515463917526 0.11817102137767221 0.049484536082474224 0.05166270783847981
1 0.631701030927835 0.11609263657957244 0.049484536082474224 0.05819477434679335
1 0.7126288659793815 0.17577197149643706 0.052061855670103095 0.06116389548693587
1 0.6623711340206185 0.30938242280285033 0.0577319587628866 0.05819477434679335
2 0.4670103092783505 0.20338479809976248 0.6453608247422681 0.40676959619952496
0 0.5244845360824743 0.7951306413301663 0.09381443298969072 0.12114014251781473
0 0.6208762886597938 0.056116389548693586 0.07371134020618557 0.08135391923990498
3 0.5015463917525773 0.5430522565320665 0.12886597938144329 0.10926365795724466
3 0.5095360824742268 0.08194774346793349 0.12216494845360824 0.13004750593824227
2 0.4708762886597938 0.6612232779097387 0.6376288659793814 0.417458432304038