1 0.3357731958762886 0.5716567695961995 0.055536082474226804 0.06397862232779097
1 0.6098273195876289 0.6105997624703088 0.05553092783505155 0.06953681710213776
1 0.6720025773195876 0.6085124703087886 0.05432474226804124 0.06815320665083135
1 0.6870927835051547 0.5327137767220902 0.043463917525773194 0.050071258907363414
1 0.6726056701030928 0.39850059382422803 0.05553092783505155 0.07093230403800475
1 0.6152603092783505 0.22325712589073637 0.05432474226804124 0.07093230403800475
1 0.6671726804123712 0.21978028503562944 0.05191237113402061 0.06675771971496437
1 0.6683788659793815 0.16206057007125887 0.05191237113402061 0.07927553444180523
1 0.6164664948453608 0.15788598574821852 0.05915979381443299 0.07371733966745843
1 0.2391881443298969 0.08556413301662708 0.053118556701030925 0.06814726840855108
4 0.1721855670103093 0.819916864608076 0.04708247422680412 0.029204275534441805
4 0.21745876288659793 0.8192220902612827 0.055536082474226804 0.03338479809976247
4 0.5754201030927835 0.819916864608076 0.05432474226804124 0.029204275534441805
4 0.618278350515464 0.8206146080760096 0.036216494845360825 0.030599762470308788
4 0.6671752577319587 0.8199198337292161 0.032597938144329895 0.03198931116389549
4 0.7106340206185566 0.8185243467933492 0.05674226804123711 0.03198931116389549
4 0.723311855670103 0.1919625890736342 0.05553092783505155 0.030599762470308788
4 0.5621391752577319 0.18918052256532067 0.0543298969072165 0.030593824228028504
4 0.38587628865979384 0.11198931116389549 0.032597938144329895 0.029204275534441805
4 0.33214948453608245 0.11407660332541567 0.07968041237113403 0.033378859857482186
4 0.16494072164948453 0.11268705463182897 0.10020103092783504 0.033378859857482186
4 0.09733247422680413 0.11268705463182897 0.03742783505154639 0.033378859857482186
1 0.22289175257731958 0.9061490498812351 0.059154639175257734 0.07093230403800475
1 0.1685618556701031 0.7420338479809977 0.044670103092783506 0.0570249406175772
1 0.16675 0.6516300475059382 0.050706185567010315 0.0570249406175772
1 0.21866494845360826 0.7448129453681711 0.05312371134020619 0.05980403800475059
1 0.33456443298969074 0.6870961995249406 0.050706185567010315 0.06675771971496437
2 0.2348943298969072 0.46196852731591453 0.36913917525773193 0.7435570071258908
0 0.7561675257731959 0.5283343230403801 0.10514948453608249 0.1082482185273159
0 0.11464432989690723 0.6391597387173397 0.07047422680412371 0.08505344418052256
3 0.537479381443299 0.5019180522565321 0.09508247422680413 0.14819477434679335
3 0.13701546391752578 0.5109382422802851 0.11297938144329897 0.14046318289786222
2 0.6398298969072165 0.46647862232779097 0.36243298969072163 0.7345368171021378