3 0.58252977878616 0.8527808069792803 0.04254112308564946 0.21155943293347873
0 0.5127623369256948 0.895856052344602 0.09642654566080544 0.11232279171210469
2 0.5428247305728872 0.8675027262813523 0.41973908111174135 0.2649945474372955
4 0.680941576857629 0.4323882224645583 0.09018718094157686 0.029443838604143947
4 0.49602949517867273 0.4318429661941112 0.08961996596710153 0.030534351145038167
4 0.3984685195689166 0.4318429661941112 0.03460011344299489 0.025081788440567066
4 0.340045377197958 0.16357688113413305 0.012478729438457176 0.06652126499454744
4 0.6789563244469654 0.7470010905125409 0.046511627906976744 0.029443838604143947
4 0.5788428814520703 0.7470010905125409 0.049914917753828704 0.026172300981461286
4 0.42654566080544526 0.747546346782988 0.046511627906976744 0.030534351145038167
4 0.33834373227453207 0.8358778625954199 0.01588201928530913 0.07088331515812432
1 0.6216676120249575 0.03980370774263904 0.049914917753828704 0.07960741548527808
1 0.6196823596142939 0.4612868047982552 0.04197390811117414 0.0970556161395856
1 0.557288712422008 0.013631406761177753 0.04254112308564946 0.027262813522355506
1 0.36443562110039707 0.05779716466739367 0.04367555303460011 0.0970556161395856
1 0.35961429381735677 0.24263904034896402 0.03516732841747022 0.07742639040348964
1 0.3221781055019853 0.029989094874591057 0.055587067498581964 0.05997818974918211
1 0.5141803743618831 0.9661941112322792 0.04254112308564946 0.06761177753544166
3 0.547929665343165 0.7928026172300982 0.1128757799205899 0.08287895310796074
2 0.5073737946681792 0.21919302071973829 0.49290981281905843 0.43838604143947657