0 0.3114754098360656 0.18407960199004975 0.07650273224043716 0.12437810945273632
2 0.4198542805100182 0.22761194029850745 0.6721311475409836 0.40298507462686567
2 0.424408014571949 0.6529850746268657 0.6739526411657559 0.39552238805970147
0 0.34790528233151186 0.7898009950248757 0.08378870673952642 0.07462686567164178
4 0.5965391621129326 0.8395522388059702 0.04371584699453552 0.0472636815920398
4 0.6621129326047359 0.8420398009950248 0.0965391621129326 0.04975124378109453
4 0.7431693989071039 0.7338308457711443 0.0273224043715847 0.16666666666666666
4 0.74408014571949 0.6144278606965174 0.029143897996357013 0.0845771144278607
4 0.7422586520947176 0.26616915422885573 0.03278688524590164 0.24378109452736318
4 0.5437158469945356 0.0472636815920398 0.04735883424408015 0.04228855721393035
4 0.0947176684881603 0.19029850746268656 0.03642987249544627 0.19402985074626866
4 0.09562841530054644 0.3582089552238806 0.03460837887067395 0.06716417910447761
4 0.17759562841530055 0.4092039800995025 0.1366120218579235 0.04477611940298507
4 0.46265938069216755 0.4116915422885572 0.04371584699453552 0.0472636815920398
4 0.6402550091074681 0.4141791044776119 0.1366120218579235 0.04975124378109453
4 0.2058287795992714 0.8407960199004975 0.07103825136612021 0.04975124378109453
4 0.09744990892531877 0.568407960199005 0.03825136612021858 0.09203980099502487
4 0.09380692167577413 0.7475124378109452 0.030965391621129327 0.14676616915422885
1 0.7595628415300546 0.10945273631840796 0.07285974499089254 0.08706467661691543
1 0.30418943533697634 0.2798507462686567 0.061930783242258654 0.08706467661691543
1 0.2495446265938069 0.2885572139303483 0.06557377049180328 0.0845771144278607
1 0.5091074681238615 0.6393034825870647 0.061930783242258654 0.07960199004975124
1 0.5591985428051002 0.7126865671641791 0.06375227686703097 0.08208955223880597
1 0.47540983606557374 0.722636815920398 0.0546448087431694 0.07711442786069651
1 0.3652094717668488 0.722636815920398 0.0546448087431694 0.07711442786069651
1 0.31693989071038253 0.7077114427860697 0.052823315118397086 0.07213930348258707
1 0.3588342440801457 0.5771144278606966 0.058287795992714025 0.07462686567164178
1 0.2222222222222222 0.5833333333333334 0.0546448087431694 0.07462686567164178
1 0.1448087431693989 0.8731343283582089 0.06375227686703097 0.08955223880597014
1 0.47176684881602915 0.8706467661691543 0.0546448087431694 0.07960199004975124
1 0.761384335154827 0.5373134328358209 0.06375227686703097 0.07960199004975124