0 0.6882604735883425 0.18426616915422886 0.07644808743169398 0.12370646766169154
2 0.5797449908925318 0.22808457711442787 0.6727868852459017 0.4020398009950249
2 0.5759744990892531 0.652686567164179 0.6746812386156648 0.39562189054726365
0 0.6519307832422587 0.7892910447761193 0.08302367941712203 0.07345771144278607
4 0.40375227686703097 0.8401119402985076 0.04378870673952641 0.047288557213930354
4 0.3380601092896175 0.8422014925373135 0.09571948998178506 0.048681592039801
4 0.2565846994535519 0.7337189054726367 0.026466302367941712 0.16549751243781094
4 0.25607468123861565 0.6148134328358209 0.0295264116575592 0.08345771144278606
4 0.25760473588342436 0.2657089552238806 0.032586520947176685 0.24480099502487562
4 0.45670309653916213 0.04665422885572139 0.0478688524590164 0.0431094527363184
4 0.9053187613843351 0.18991293532338308 0.036648451730418946 0.19330845771144278
4 0.9042987249544626 0.3582089552238806 0.03460837887067395 0.0681592039800995
4 0.8223132969034608 0.4096641791044776 0.13748633879781422 0.0458955223880597
4 0.5371584699453551 0.4117537313432836 0.04378870673952641 0.047288557213930354
4 0.3599635701275046 0.41384328358208955 0.13748633879781422 0.048681592039801
4 0.7943169398907104 0.840808457711443 0.07129326047358835 0.048681592039801
4 0.9027777777777778 0.5689054726368159 0.03768670309653917 0.0917910447761194
4 0.9063296903460838 0.7476243781094528 0.030546448087431694 0.14604477611940297
1 0.2402914389799636 0.10993781094527363 0.07333333333333333 0.08624378109452736
1 0.695528233151184 0.2803233830845771 0.06111111111111111 0.08761194029850745
1 0.7500091074681239 0.2886567164179104 0.06621129326047359 0.08482587064676617
1 0.4913296903460838 0.6391417910447761 0.06211293260473589 0.07927860696517414
1 0.44040983606557377 0.7128606965174129 0.06417122040072859 0.08203980099502486
1 0.5249453551912568 0.7225995024875622 0.05397085610200364 0.07649253731343283
1 0.6344171220400728 0.7225995024875622 0.05499089253187614 0.07649253731343283
1 0.6833060109289618 0.707997512437811 0.052950819672131146 0.0723134328358209
1 0.6410382513661202 0.5765547263681592 0.0580327868852459 0.07370646766169155
1 0.7775045537340619 0.5835199004975125 0.05398907103825137 0.07370646766169155
1 0.8549089253187614 0.8728109452736319 0.06417122040072859 0.09039800995024877
1 0.5279963570127505 0.8700248756218906 0.05398907103825137 0.07925373134328358
1 0.23876138433515479 0.5376243781094527 0.06415300546448087 0.07927860696517414