0 0.2686703096539162 0.7574626865671642 0.09107468123861566 0.1044776119402985
2 0.3005464480874317 0.5746268656716418 0.29508196721311475 0.8507462686567164
2 0.6111111111111112 0.5708955223880597 0.2896174863387978 0.8582089552238806
0 0.7122040072859745 0.7077114427860697 0.0546448087431694 0.11442786069651742
4 0.7486338797814208 0.3681592039800995 0.03460837887067395 0.05970149253731343
4 0.7504553734061931 0.27860696517412936 0.03642987249544627 0.1318407960199005
4 0.6712204007285975 0.16791044776119404 0.122040072859745 0.03731343283582089
4 0.5837887067395264 0.16666666666666666 0.061930783242258654 0.03980099502487562
4 0.32877959927140255 0.1691542288557214 0.1785063752276867 0.04477611940298507
4 0.16848816029143898 0.44029850746268656 0.030965391621129327 0.06467661691542288
4 0.4335154826958106 0.9228855721393034 0.03278688524590164 0.15422885572139303
4 0.4353369763205829 0.5509950248756219 0.03460837887067395 0.05970149253731343
4 0.4371584699453552 0.30845771144278605 0.03642987249544627 0.1865671641791045
4 0.7495446265938069 0.9017412935323383 0.03642987249544627 0.09701492537313433
1 0.21402550091074682 0.1455223880597015 0.06375227686703097 0.09950248756218906
1 0.33879781420765026 0.7674129353233831 0.06375227686703097 0.0845771144278607
1 0.3451730418943534 0.8420398009950248 0.061930783242258654 0.08955223880597014
1 0.6020036429872495 0.48756218905472637 0.058287795992714025 0.0845771144278607
1 0.6557377049180327 0.4191542288557214 0.060109289617486336 0.08706467661691543
1 0.663023679417122 0.5335820895522388 0.056466302367941715 0.07462686567164178
1 0.663023679417122 0.6840796019900498 0.056466302367941715 0.07462686567164178
1 0.6520947176684881 0.75 0.052823315118397086 0.07213930348258707
1 0.5564663023679417 0.6927860696517413 0.0546448087431694 0.07960199004975124
1 0.5610200364298725 0.8793532338308457 0.0546448087431694 0.07462686567164178
1 0.7723132969034608 0.9701492537313433 0.06557377049180328 0.05970149253731343
1 0.7704918032786885 0.5385572139303483 0.058287795992714025 0.07462686567164178
1 0.5273224043715847 0.14303482587064675 0.058287795992714025 0.08706467661691543