4 0.8099662162162162 0.4092827004219409 0.13682432432432431 0.035161744022503515
1 0.49746621621621623 0.7264416315049227 0.060810810810810814 0.05063291139240506
1 0.28209459459459457 0.630098452883263 0.06756756756756757 0.06188466947960619
1 0.16131756756756757 0.4620253164556962 0.07432432432432433 0.05485232067510549
1 0.16131756756756757 0.5745428973277075 0.08108108108108109 0.06469760900140648
1 0.125 0.6751054852320675 0.060810810810810814 0.05907172995780591
4 0.9070945945945946 0.6652601969057665 0.033783783783783786 0.07735583684950774
4 0.9045608108108109 0.4866385372714487 0.04222972972972973 0.11251758087201125
4 0.5945945945945946 0.409985935302391 0.11317567567567567 0.03375527426160337
1 0.6841216216216216 0.3860759493670886 0.0777027027027027 0.06891701828410689
2 0.46875 0.59985935302391 0.8952702702702703 0.3952180028129395
0 0.42905405405405406 0.6561181434599156 0.12331081081081081 0.08720112517580872
4 0.1883445945945946 0.6533052039381153 0.037162162162162164 0.07454289732770746
1 0.5625 0.5886075949367089 0.06756756756756757 0.06047819971870605
1 0.7018581081081081 0.739803094233474 0.07263513513513513 0.05485232067510549
1 0.714527027027027 0.6462728551336147 0.06418918918918919 0.05907172995780591
1 0.42567567567567566 0.590014064697609 0.07094594594594594 0.057665260196905765