4 0.6093581081081081 0.24200421940928268 0.041756756756756754 0.1140506329113924
1 0.2276689189189189 0.5020815752461323 0.06013513513513514 0.05007032348804501
1 0.34376689189189186 0.6815049226441631 0.07516891891891891 0.05563994374120957
1 0.5458868243243243 0.7823347398030942 0.06515202702702702 0.06258790436005626
1 0.4105827702702703 0.7823347398030942 0.07849662162162162 0.06815752461322082
1 0.2894847972972973 0.8122362869198312 0.07015202702702703 0.05007032348804501
4 0.3011739864864865 0.1613361462728551 0.0935304054054054 0.027819971870604785
4 0.5158108108108108 0.16341772151898734 0.13530405405405405 0.034767932489451474
4 0.6085219594594594 0.42142053445850913 0.04008445945945946 0.09457102672292544
1 0.6369172297297298 0.3470112517580872 0.0835304054054054 0.06535864978902954
2 0.3800760135135135 0.5257383966244726 0.4751520270270271 0.7448382559774965
0 0.31274493243243245 0.5592405063291139 0.10525337837837838 0.1030942334739803
4 0.3161993243243243 0.7593881856540083 0.0902027027027027 0.03059071729957806
1 0.3938851351351351 0.44784106891701825 0.07182432432432433 0.05562587904360056
1 0.21180743243243244 0.3317088607594937 0.06513513513513514 0.059817158931082984
1 0.32455236486486483 0.3212798874824191 0.07015202702702703 0.052855133614627285
1 0.39221283783783784 0.5618917018284106 0.06847972972972972 0.05841068917018284