4 0.3910472972972973 0.2419127988748242 0.04222972972972973 0.11392405063291139
1 0.7719594594594594 0.5021097046413502 0.060810810810810814 0.05063291139240506
1 0.65625 0.6814345991561181 0.07432432432432433 0.05625879043600562
1 0.4543918918918919 0.7819971870604782 0.06587837837837837 0.06188466947960619
1 0.589527027027027 0.7819971870604782 0.0777027027027027 0.06751054852320675
1 0.7103040540540541 0.8122362869198312 0.07094594594594594 0.05063291139240506
4 0.6984797297297297 0.16104078762306612 0.0929054054054054 0.02812939521800281
4 0.4839527027027027 0.1631504922644163 0.13513513513513514 0.035161744022503515
4 0.3918918918918919 0.4212376933895921 0.04054054054054054 0.09423347398030943
1 0.36317567567567566 0.3466947960618847 0.08277027027027027 0.06469760900140648
2 0.6199324324324325 0.5260196905766527 0.47466216216216217 0.7454289732770746
0 0.6875 0.5590717299578059 0.10472972972972973 0.10267229254571027
4 0.6841216216216216 0.759493670886076 0.08952702702702703 0.030942334739803096
1 0.606418918918919 0.4479606188466948 0.07263513513513513 0.05625879043600562
1 0.7880067567567568 0.3319268635724332 0.06587837837837837 0.06047819971870605
1 0.6756756756756757 0.32137834036568214 0.07094594594594594 0.053445850914205346
1 0.6081081081081081 0.5618846694796061 0.06925675675675676 0.05907172995780591