4 0.8708954154727794 0.5577682648401826 0.04015759312320917 0.09179223744292236
4 0.7879871060171919 0.8428881278538812 0.1431375358166189 0.03337899543378995
4 0.2398997134670487 0.8394121004566211 0.1466189111747851 0.034760273972602736
1 0.538381088825215 0.17738013698630137 0.08378223495702006 0.07649543378995434
1 0.5296489971346705 0.9193835616438356 0.09775071633237822 0.07232876712328767
1 0.32630372492836673 0.33385273972602736 0.10297994269340974 0.0751027397260274
1 0.24862464183381092 0.422865296803653 0.08378223495702006 0.0667579908675799
1 0.24512893982808026 0.512568493150685 0.08378223495702006 0.06257990867579909
1 0.4798997134670487 0.6092351598173517 0.08902578796561604 0.0695433789954338
1 0.6675429799426934 0.6147945205479451 0.06631805157593124 0.06118721461187215
1 0.6282736389684814 0.7128481735159817 0.09949856733524355 0.07092465753424658
1 0.4092048710601719 0.6808618721461187 0.09425501432664757 0.07371004566210045
1 0.4999785100286533 0.8630593607305935 0.09075931232091691 0.08205479452054794
1 0.24338825214899712 0.17598744292237442 0.08379656160458453 0.07371004566210045
4 0.40571633237822347 0.20311073059360732 0.16756446991404012 0.03893835616438356
4 0.6902363896848138 0.20033105022831052 0.16058739255014326 0.03894977168949772
0 0.36656160458452725 0.5933675799086757 0.15040114613180516 0.08892694063926941
0 0.22181232091690542 0.3259703196347032 0.1358595988538682 0.24484018264840182
2 0.5096919770773639 0.584343607305936 0.7504154727793696 0.7976826484018265