4 0.4276504297994269 0.204337899543379 0.11461318051575932 0.0319634703196347
4 0.06948424068767908 0.2705479452054795 0.04154727793696275 0.1141552511415525
4 0.07378223495702006 0.7071917808219178 0.04297994269340974 0.11643835616438356
1 0.9047277936962751 0.4691780821917808 0.09598853868194843 0.06621004566210045
1 0.009312320916905445 0.476027397260274 0.01862464183381089 0.0776255707762557
1 0.7084527220630372 0.6381278538812786 0.09455587392550144 0.0821917808219178
1 0.5967048710601719 0.7003424657534246 0.0830945558739255 0.06621004566210045
1 0.48424068767908307 0.7031963470319634 0.07879656160458452 0.06621004566210045
1 0.3631805157593123 0.5159817351598174 0.08739255014326648 0.07077625570776255
1 0.3560171919770774 0.3664383561643836 0.07736389684813753 0.05251141552511415
1 0.2328080229226361 0.3978310502283105 0.08882521489971347 0.07876712328767123
1 0.27292263610315187 0.5724885844748858 0.09312320916905444 0.07534246575342465
1 0.04799426934097421 0.4994292237442922 0.09598853868194843 0.07191780821917808
1 0.9068767908309455 0.704337899543379 0.09312320916905444 0.06621004566210045
4 0.8724928366762178 0.5753424657534246 0.04871060171919771 0.13356164383561644
4 0.8760744985673352 0.3481735159817352 0.04871060171919771 0.1278538812785388
0 0.3825214899713467 0.6061643835616438 0.11174785100286533 0.11986301369863013
0 0.7184813753581661 0.7214611872146118 0.30659025787965616 0.10844748858447488
2 0.4469914040114613 0.4920091324200913 0.8939828080229226 0.5981735159817352