4 0.8710601719197708 0.557648401826484 0.04011461318051576 0.091324200913242
4 0.7879656160458453 0.8430365296803652 0.14326647564469913 0.033105022831050226
4 0.23997134670487105 0.8396118721461188 0.14613180515759314 0.03424657534246575
1 0.5386819484240688 0.17751141552511415 0.0830945558739255 0.07648401826484018
1 0.5293696275071633 0.9195205479452054 0.09742120343839542 0.07191780821917808
1 0.32664756446991405 0.3339041095890411 0.10315186246418338 0.07534246575342465
1 0.248567335243553 0.4229452054794521 0.0830945558739255 0.06621004566210045
1 0.24498567335243554 0.5125570776255708 0.0830945558739255 0.06278538812785388
1 0.4799426934097421 0.6090182648401826 0.08882521489971347 0.06963470319634703
1 0.667621776504298 0.6147260273972602 0.0659025787965616 0.06164383561643835
1 0.6282234957020058 0.7128995433789954 0.0988538681948424 0.07077625570776255
1 0.40902578796561606 0.6809360730593608 0.09455587392550144 0.07420091324200913
1 0.5 0.863013698630137 0.09025787965616046 0.0821917808219178
1 0.24355300859598855 0.17579908675799086 0.0830945558739255 0.07420091324200913
4 0.4054441260744986 0.20319634703196346 0.167621776504298 0.03881278538812785
4 0.6905444126074498 0.20034246575342465 0.16045845272206305 0.03881278538812785
0 0.3667621776504298 0.593607305936073 0.1504297994269341 0.08904109589041095
0 0.22206303724928367 0.3259132420091324 0.1361031518624642 0.24429223744292236
2 0.5100286532951289 0.5844748858447488 0.7507163323782235 0.797945205479452