0 0.6692105263157895 0.7081076923076923 0.12343157894736842 0.08375384615384615
0 0.14370526315789475 0.6932846153846154 0.1834105263157895 0.1366
2 0.24774736842105263 0.5902 0.4056 0.7061846153846154
2 0.7185894736842107 0.5940615384615384 0.4338105263157895 0.7087692307692307
3 0.3817684210526316 0.7325923076923077 0.0776 0.2358307692307692
3 0.8578947368421053 0.7364615384615384 0.0776 0.23581538461538462
4 0.7654947368421053 0.2559230769230769 0.24172631578947368 0.036153846153846154
4 0.32680000000000003 0.2510538461538462 0.16749473684210528 0.04032307692307693
4 0.20498947368421053 0.24966153846153846 0.08753684210526315 0.034769230769230774
1 0.2954 0.8073846153846154 0.08183157894736842 0.06258461538461538
1 0.15931578947368422 0.6516153846153846 0.09134736842105264 0.06258461538461538
1 0.2116526315789474 0.5257384615384616 0.08945263157894737 0.06396923076923076
1 0.31157894736842107 0.5619076923076923 0.08374736842105264 0.061200000000000004
1 0.2915894736842105 0.4680230769230769 0.08566315789473684 0.06813846153846154
1 0.15835789473684211 0.7948615384615384 0.07802105263157895 0.05424615384615384
1 0.772157894736842 0.7190692307692308 0.09134736842105264 0.06398461538461539
1 0.7788105263157895 0.774 0.09707368421052631 0.07092307692307692
1 0.30110526315789476 0.9569 0.09324210526315789 0.06675384615384615
1 0.2773157894736842 0.6676076923076923 0.09134736842105264 0.06398461538461539
1 0.6008631578947369 0.2288076923076923 0.08753684210526315 0.06536923076923078
1 0.12981052631578946 0.2274076923076923 0.09326315789473684 0.06536923076923078
4 0.4314736842105263 0.5243538461538462 0.049473684210526316 0.04729230769230769
4 0.14884210526315791 0.9318538461538463 0.10467368421052631 0.030600000000000002
4 0.43243157894736844 0.8421538461538461 0.051389473684210527 0.14046153846153847
4 0.37342105263157893 0.9339461538461538 0.07042105263157895 0.023646153846153845
4 0.6722315789473684 0.9360307692307693 0.2074526315789474 0.03338461538461538
4 0.8520842105263158 0.933946153846154 0.07612631578947368 0.02641538461538462
4 0.9101368421052631 0.8525846153846155 0.05517894736842106 0.14464615384615384
4 0.9101368421052631 0.5306153846153846 0.043768421052631575 0.048676923076923076
4 0.9082421052631579 0.36162307692307694 0.043768421052631575 0.1502