0 0.21473684210526317 0.6238461538461538 0.11368421052631579 0.09076923076923077
0 0.23578947368421052 0.24 0.18736842105263157 0.13384615384615384
2 0.42947368421052634 0.31461538461538463 0.8589473684210527 0.2969230769230769
2 0.4284210526315789 0.66 0.8568421052631578 0.3169230769230769
3 0.18210526315789474 0.41384615384615386 0.32210526315789473 0.05692307692307692
3 0.17684210526315788 0.7615384615384615 0.32210526315789473 0.05692307692307692
4 0.8336842105263158 0.6938461538461539 0.05052631578947368 0.17692307692307693
4 0.8410526315789474 0.3730769230769231 0.05473684210526316 0.12307692307692308
4 0.8421052631578947 0.2846153846153846 0.04842105263157895 0.06461538461538462
1 0.07894736842105263 0.3507692307692308 0.0863157894736842 0.06
1 0.2926315789473684 0.25076923076923074 0.0863157894736842 0.06615384615384616
1 0.4652631578947368 0.28923076923076924 0.08842105263157894 0.06461538461538462
1 0.41578947368421054 0.36230769230769233 0.08421052631578947 0.06153846153846154
1 0.5442105263157895 0.3476923076923077 0.09263157894736843 0.06307692307692307
1 0.0968421052631579 0.25 0.07368421052631578 0.05692307692307692
1 0.2 0.6992307692307692 0.08842105263157894 0.06615384615384616
1 0.12526315789473685 0.7038461538461539 0.0968421052631579 0.07076923076923076
1 0.27052631578947367 0.33692307692307694 0.08842105263157894 0.06615384615384616
1 0.871578947368421 0.5738461538461539 0.08842105263157894 0.06461538461538462
1 0.8726315789473684 0.22923076923076924 0.08842105263157894 0.06769230769230769
4 0.4663157894736842 0.45 0.06526315789473684 0.036923076923076927
4 0.06315789473684211 0.45076923076923076 0.12631578947368421 0.036923076923076927
4 0.05789473684210526 0.8 0.11578947368421053 0.04
4 0.45789473684210524 0.8 0.06736842105263158 0.03230769230769231
4 0.6894736842105263 0.7984615384615384 0.2063157894736842 0.03230769230769231