4 0.33112582781456956 0.12757201646090535 0.01545253863134658 0.06172839506172839
4 0.33278145695364236 0.1831275720164609 0.017660044150110375 0.059670781893004114
4 0.3322295805739514 0.24074074074074073 0.01545253863134658 0.05761316872427984
4 0.33167770419426046 0.301440329218107 0.01545253863134658 0.06378600823045268
4 0.45474613686534215 0.5689300411522634 0.02097130242825607 0.018518518518518517
4 0.3923841059602649 0.5699588477366255 0.0706401766004415 0.026748971193415638
4 0.32891832229580575 0.9537037037037037 0.013245033112582781 0.08024691358024691
1 0.6352097130242825 0.0720164609053498 0.03532008830022075 0.06172839506172839
1 0.6285871964679912 0.15123456790123457 0.03532008830022075 0.07818930041152264
1 0.5038631346578366 0.45267489711934156 0.04415011037527594 0.07407407407407407
1 0.5044150110375276 0.389917695473251 0.04083885209713024 0.07407407407407407
1 0.5264900662251656 0.15329218106995884 0.033112582781456956 0.07407407407407407
1 0.4530905077262693 0.14094650205761317 0.03421633554083885 0.06584362139917696
1 0.4481236203090508 0.39094650205761317 0.03532008830022075 0.07407407407407407
1 0.445364238410596 0.4537037037037037 0.03200883002207505 0.08436213991769548
1 0.5816777041942605 0.9310699588477366 0.026490066225165563 0.04938271604938271
1 0.6020971302428256 0.9146090534979424 0.026490066225165563 0.04938271604938271
1 0.6561810154525386 0.9475308641975309 0.024282560706401765 0.043209876543209874
1 0.6539735099337748 0.9876543209876543 0.029801324503311258 0.024691358024691357
1 0.6396247240618101 0.8209876543209876 0.033112582781456956 0.06172839506172839
1 0.6147902869757175 0.8199588477366255 0.03200883002207505 0.05761316872427984
1 0.5518763796909493 0.8199588477366255 0.03532008830022075 0.05555555555555555
1 0.39514348785871967 0.9104938271604939 0.02207505518763797 0.037037037037037035
1 0.3945916114790287 0.9454732510288066 0.02207505518763797 0.03909465020576132
4 0.6269315673289183 0.6635802469135802 0.009933774834437087 0.09053497942386832
4 0.6688741721854304 0.4207818930041152 0.026490066225165563 0.02263374485596708
4 0.6456953642384106 0.41872427983539096 0.02207505518763797 0.026748971193415638
4 0.6236203090507726 0.4176954732510288 0.023178807947019868 0.02880658436213992
4 0.6009933774834437 0.4207818930041152 0.025386313465783666 0.024691358024691357
4 0.706953642384106 0.03806584362139918 0.012141280353200883 0.07613168724279835
4 0.6330022075055187 0.00720164609053498 0.023178807947019868 0.01440329218106996
3 0.27207505518763797 0.9403292181069959 0.04966887417218543 0.11934156378600823
3 0.4928256070640177 0.9320987654320988 0.04966887417218543 0.06172839506172839
0 0.6766004415011038 0.059670781893004114 0.059602649006622516 0.11728395061728394
0 0.6859823399558499 0.9362139917695473 0.05077262693156733 0.06790123456790123
3 0.5463576158940397 0.03806584362139918 0.0640176600441501 0.07613168724279835
2 0.5176600441501104 0.7839506172839507 0.38852097130242824 0.43209876543209874
2 0.5187637969094923 0.2139917695473251 0.3841059602649007 0.4279835390946502