1 0.8804966887417218 0.4318312757201646 0.03282560706401766 0.06814814814814814
4 0.8879580573951436 0.7127777777777778 0.04326710816777042 0.02921810699588477
4 0.915187637969095 0.303179012345679 0.01865342163355408 0.022242798353909465
4 0.8976600441501104 0.30040123456790124 0.01790286975717439 0.025041152263374486
4 0.8805022075055188 0.3024794238683128 0.019392935982339956 0.026440329218106996
4 0.8305132450331126 0.3010905349794239 0.017913907284768212 0.023662551440329218
4 0.8126048565121412 0.3024794238683128 0.019403973509933774 0.026440329218106996
4 0.7943267108167771 0.3024794238683127 0.01865342163355408 0.023641975308641976
4 0.6999558498896247 0.18495884773662552 0.03282560706401766 0.02781893004115226
4 0.6697350993377483 0.18843621399176955 0.032075055187637966 0.03197530864197531
4 0.6391445916114791 0.18773662551440332 0.030584988962472408 0.02781893004115226
4 0.6066942604856512 0.1863477366255144 0.034315673289183224 0.02779835390946502
4 0.46307395143487856 0.41583333333333333 0.009701986754966887 0.03895061728395062
4 0.46232891832229583 0.29901234567901236 0.014172185430463577 0.13074074074074074
4 0.07885209713024283 0.830298353909465 0.01119205298013245 0.052860082304526754
4 0.07959161147902871 0.7809156378600822 0.01119205298013245 0.05146090534979424
4 0.07922185430463576 0.7315534979423869 0.013432671081677705 0.050061728395061726
4 0.07847682119205297 0.6807818930041153 0.011942604856512141 0.05703703703703703
4 0.060568432671081675 0.627932098765432 0.028355408388520974 0.015288065843621398
4 0.0463962472406181 0.57369341563786 0.013432671081677705 0.048662551440329216
4 0.0463962472406181 0.5257098765432099 0.011931567328918324 0.050061728395061726
4 0.048631346578366444 0.4784259259259259 0.013421633554083885 0.050061728395061726
4 0.0482560706401766 0.42765432098765427 0.014172185430463577 0.05703703703703703
4 0.04788631346578366 0.2698045267489712 0.010452538631346578 0.14742798353909467
4 0.25678807947019866 0.1814814814814815 0.04326710816777042 0.023662551440329218
4 0.21314017660044152 0.18217078189300412 0.04700883002207506 0.025041152263374486
4 0.1683774834437086 0.18218106995884775 0.04699779249448124 0.02781893004115226
4 0.12435430463576158 0.1814814814814815 0.04550772626931567 0.026419753086419754
4 0.08071192052980132 0.18079218106995884 0.04625827814569536 0.025041152263374486
1 0.879751655629139 0.5618724279835392 0.034315673289183224 0.06674897119341563
1 0.8961699779249448 0.4978909465020577 0.03282560706401766 0.05561728395061729
1 0.7823896247240618 0.36089506172839503 0.04252759381898455 0.06537037037037037
1 0.7294205298013245 0.7524176954732511 0.03356512141280353 0.06676954732510289
1 0.6872682119205298 0.7398971193415639 0.041777041942604856 0.06674897119341563
1 0.5253752759381899 0.5069341563786008 0.04028697571743929 0.08205761316872429
1 0.5589403973509933 0.5083230452674897 0.04028697571743929 0.07648148148148148
1 0.6861479028697571 0.5493621399176954 0.039536423841059605 0.06119341563786008
1 0.6924889624724062 0.4130555555555555 0.03581677704194261 0.06397119341563785
1 0.5585706401766004 0.40331275720164605 0.03954746136865342 0.06674897119341563
1 0.52462472406181 0.39844650205761317 0.0447682119205298 0.059814814814814814
1 0.18590507726269317 0.7711934156378601 0.03282560706401766 0.04868312757201646
1 0.2687251655629139 0.6522736625514404 0.026854304635761588 0.050061728395061726
1 0.2776766004415011 0.6905144032921811 0.026854304635761588 0.04868312757201646
1 0.26014348785871966 0.7906584362139918 0.023134657836644593 0.04588477366255144
1 0.23067328918322297 0.7885802469135802 0.028344370860927153 0.05563786008230452
1 0.3280353200883002 0.7600617283950617 0.03357615894039735 0.0625925925925926
1 0.32840507726269313 0.7141666666666667 0.0313355408388521 0.059814814814814814
1 0.32841059602649003 0.5966460905349795 0.029845474613686532 0.06674897119341563
1 0.2795419426048565 0.30456790123456784 0.020143487858719646 0.041728395061728395
1 0.2612637969094923 0.303179012345679 0.02089403973509934 0.04170781893004115
4 0.4123399558498897 0.7364197530864197 0.04849889624724062 0.018065843621399177
4 0.5425275938189846 0.8150000000000001 0.011942604856512141 0.05008230452674897
4 0.5436479028697572 0.7718930041152263 0.014183222958057394 0.041728395061728395
4 0.5440176600441501 0.7308539094650207 0.014922737306843266 0.04310699588477366
4 0.5425331125827815 0.6884362139917695 0.013432671081677705 0.04728395061728395
4 0.7488189845474613 0.8866358024691359 0.042516556291390735 0.023641975308641976
4 0.768592715231788 0.748940329218107 0.01641280353200883 0.04310699588477366
4 0.8066390728476821 0.7120781893004117 0.04923841059602649 0.022263374485596708
3 0.26322295805739515 0.07481481481481482 0.06467991169977926 0.09333333333333334
3 0.26843818984547463 0.4870679012345679 0.033388520971302425 0.09335390946502058
0 0.9297737306843267 0.49939300411522636 0.04590507726269316 0.07648148148148148
0 0.7364514348785872 0.8293209876543209 0.06259381898454747 0.11148148148148149
0 0.26600441501103755 0.846820987654321 0.03686534216335541 0.09462962962962963
0 0.9054359823399559 0.6264300411522633 0.0904083885209713 0.16462962962962965
3 0.7482726269315673 0.5868930041152264 0.04312362030905077 0.11925925925925926
2 0.2527924944812362 0.5343930041152264 0.4207284768211921 0.7246707818930042
2 0.7486203090507726 0.5350411522633745 0.4207284768211921 0.71559670781893