1 0.880242825607064 0.43209876543209874 0.033112582781456956 0.06790123456790123
4 0.8879690949227373 0.7129629629629629 0.04304635761589404 0.02880658436213992
4 0.9150110375275938 0.30349794238683125 0.018763796909492272 0.02263374485596708
4 0.8979028697571744 0.3004115226337449 0.017660044150110375 0.024691358024691357
4 0.880242825607064 0.30246913580246915 0.019867549668874173 0.026748971193415638
4 0.8305739514348786 0.301440329218107 0.017660044150110375 0.024691358024691357
4 0.8123620309050773 0.30246913580246915 0.019867549668874173 0.026748971193415638
4 0.7941501103752759 0.30246913580246915 0.018763796909492272 0.02263374485596708
4 0.6997792494481236 0.18518518518518517 0.033112582781456956 0.02880658436213992
4 0.6699779249448123 0.1882716049382716 0.03200883002207505 0.03292181069958848
4 0.6390728476821192 0.18724279835390947 0.03090507726269316 0.02880658436213992
4 0.6065121412803532 0.18621399176954734 0.03421633554083885 0.02880658436213992
4 0.4630242825607064 0.4156378600823045 0.009933774834437087 0.03909465020576132
4 0.4624724061810154 0.2993827160493827 0.01434878587196468 0.13168724279835392
4 0.07891832229580574 0.8302469135802469 0.011037527593818985 0.053497942386831275
4 0.07947019867549669 0.7808641975308642 0.011037527593818985 0.051440329218107
4 0.07947019867549669 0.7314814814814815 0.013245033112582781 0.04938271604938271
4 0.07836644591611479 0.6810699588477366 0.012141280353200883 0.05761316872427984
4 0.06070640176600441 0.6275720164609053 0.02869757174392936 0.01440329218106996
4 0.046357615894039736 0.5740740740740741 0.013245033112582781 0.04938271604938271
4 0.046357615894039736 0.5257201646090535 0.012141280353200883 0.04938271604938271
4 0.04856512141280353 0.4783950617283951 0.013245033112582781 0.04938271604938271
4 0.048013245033112585 0.4279835390946502 0.01434878587196468 0.05761316872427984
4 0.048013245033112585 0.26954732510288065 0.009933774834437087 0.14814814814814814
4 0.25662251655629137 0.18106995884773663 0.04304635761589404 0.024691358024691357
4 0.2130242825607064 0.18209876543209877 0.04746136865342163 0.024691358024691357
4 0.1683222958057395 0.18209876543209877 0.04746136865342163 0.02880658436213992
4 0.12417218543046357 0.18106995884773663 0.04525386313465784 0.026748971193415638
4 0.08057395143487858 0.18106995884773663 0.046357615894039736 0.024691358024691357
1 0.8796909492273731 0.5617283950617284 0.03421633554083885 0.06584362139917696
1 0.8962472406181016 0.49794238683127573 0.033112582781456956 0.05555555555555555
1 0.782560706401766 0.3611111111111111 0.04304635761589404 0.06584362139917696
1 0.7295805739514348 0.7520576131687243 0.033112582781456956 0.06584362139917696
1 0.6870860927152318 0.7397119341563786 0.04194260485651214 0.06584362139917696
1 0.5253863134657837 0.507201646090535 0.039735099337748346 0.0823045267489712
1 0.5590507726269316 0.5082304526748971 0.039735099337748346 0.07613168724279835
1 0.6859823399558499 0.5493827160493827 0.039735099337748346 0.06172839506172839
1 0.6926048565121413 0.4125514403292181 0.03532008830022075 0.06378600823045268
1 0.5584988962472406 0.40329218106995884 0.039735099337748346 0.06584362139917696
1 0.5248344370860927 0.39814814814814814 0.04525386313465784 0.059670781893004114
1 0.1859823399558499 0.7716049382716049 0.033112582781456956 0.04938271604938271
1 0.26876379690949226 0.6522633744855967 0.026490066225165563 0.04938271604938271
1 0.27759381898454744 0.6903292181069959 0.026490066225165563 0.04938271604938271
1 0.2599337748344371 0.7911522633744856 0.023178807947019868 0.04526748971193416
1 0.2306843267108168 0.7880658436213992 0.02869757174392936 0.05555555555555555
1 0.32781456953642385 0.7602880658436214 0.033112582781456956 0.06172839506172839
1 0.3283664459161148 0.7139917695473251 0.03090507726269316 0.059670781893004114
1 0.3283664459161148 0.5967078189300411 0.029801324503311258 0.06584362139917696
1 0.27980132450331124 0.3045267489711934 0.019867549668874173 0.0411522633744856
1 0.261037527593819 0.30349794238683125 0.02097130242825607 0.0411522633744856
4 0.41225165562913907 0.7366255144032922 0.04856512141280353 0.018518518518518517
4 0.5424944812362031 0.8148148148148148 0.012141280353200883 0.04938271604938271
4 0.5435982339955849 0.7716049382716049 0.01434878587196468 0.0411522633744856
4 0.5441501103752759 0.7304526748971193 0.01545253863134658 0.043209876543209874
4 0.5424944812362031 0.6882716049382716 0.013245033112582781 0.047325102880658436
4 0.7488962472406181 0.8868312757201646 0.04304635761589404 0.02263374485596708
4 0.7687637969094923 0.7489711934156379 0.016556291390728478 0.043209876543209874
4 0.8068432671081678 0.7119341563786008 0.04966887417218543 0.02263374485596708
3 0.2632450331125828 0.07510288065843622 0.06512141280353201 0.09259259259259259
3 0.2682119205298013 0.48662551440329216 0.033112582781456956 0.09259259259259259
0 0.9299116997792495 0.49897119341563784 0.046357615894039736 0.07613168724279835
0 0.7362030905077263 0.8292181069958847 0.06291390728476821 0.1111111111111111
0 0.26600441501103755 0.8467078189300411 0.03642384105960265 0.09465020576131687
0 0.9056291390728477 0.6265432098765432 0.09050772626931568 0.1646090534979424
3 0.7483443708609272 0.5864197530864198 0.04304635761589404 0.11934156378600823
2 0.25275938189845476 0.5339506172839507 0.4205298013245033 0.7242798353909465
2 0.7483443708609272 0.5349794238683128 0.4205298013245033 0.7160493827160493