4 0.6347150259067358 0.10357583230579531 0.06347150259067358 0.01972872996300863
4 0.689119170984456 0.10419235511713934 0.05310880829015544 0.018495684340320593
4 0.7402849740932642 0.10172626387176326 0.05829015544041451 0.02096177558569667
4 0.6036269430051814 0.1997533908754624 0.02461139896373057 0.08877928483353884
4 0.6075129533678757 0.3526510480887793 0.018134715025906734 0.04438964241676942
4 0.6075129533678757 0.4432799013563502 0.018134715025906734 0.04438964241676942
4 0.6379533678756477 0.7151664611590629 0.05829015544041451 0.02096177558569667
4 0.6949481865284974 0.7163995067817509 0.06088082901554404 0.018495684340320593
4 0.6068652849740933 0.7700369913686806 0.022020725388601035 0.05795314426633785
4 0.6062176165803109 0.815043156596794 0.02072538860103627 0.036991368680641186
4 0.6049222797927462 0.8618988902589396 0.02461139896373057 0.06165228113440197
4 0.15349740932642486 0.3477188655980271 0.02461139896373057 0.09864364981504316
4 0.15544041450777202 0.18557336621454995 0.027202072538860103 0.09741060419235512
4 0.15155440414507773 0.6757090012330457 0.018134715025906734 0.051787916152897656
4 0.15479274611398963 0.8236744759556104 0.02072538860103627 0.09001233045622688
1 0.6269430051813472 0.6775585696670777 0.06347150259067358 0.06288532675709001
1 0.6269430051813472 0.56288532675709 0.05699481865284974 0.05795314426633785
1 0.40349740932642486 0.5604192355117139 0.06217616580310881 0.059186189889025895
1 0.4073834196891192 0.44512946979038226 0.06088082901554404 0.05672009864364982
1 0.4060880829015544 0.3397040690505549 0.06735751295336788 0.06288532675709001
1 0.44430051813471505 0.24722564734895192 0.06606217616580311 0.055487053020961775
1 0.39896373056994816 0.1966707768187423 0.050518134715025906 0.05055487053020962
1 0.32059585492227977 0.24722564734895192 0.06347150259067358 0.06165228113440197
1 0.32059585492227977 0.34648581997533906 0.06606217616580311 0.05672009864364982
1 0.27914507772020725 0.5900123304562269 0.06217616580310881 0.05672009864364982
1 0.23575129533678757 0.5215782983970407 0.06865284974093264 0.059186189889025895
1 0.12888601036269431 0.5197287299630087 0.06865284974093264 0.05795314426633785
0 0.4643782383419689 0.3588162762022195 0.07124352331606218 0.093711467324291
3 0.03756476683937824 0.5382244143033292 0.038860103626943004 0.1997533908754624
2 0.38406735751295334 0.5043156596794082 0.4637305699481865 0.812577065351418
0 0.20401554404145078 0.5924784217016029 0.10362694300518134 0.07398273736128237