4 0.08354922279792747 0.3717632552404439 0.02072538860103627 0.06041923551171394
4 0.08419689119170984 0.3199753390875462 0.019430051813471502 0.05055487053020962
4 0.08160621761658031 0.2712700369913687 0.022020725388601035 0.055487053020961775
4 0.18458549222797926 0.40135635018495686 0.09326424870466321 0.02342786683107275
4 0.34520725388601037 0.39765721331689274 0.046632124352331605 0.01726263871763255
4 0.44041450777202074 0.39765721331689274 0.046632124352331605 0.01726263871763255
4 0.7260362694300518 0.3686806411837238 0.022020725388601035 0.055487053020961775
4 0.7273316062176166 0.31442663378545005 0.019430051813471502 0.05795314426633785
4 0.783678756476684 0.39827373612823674 0.06088082901554404 0.02096177558569667
4 0.8309585492227979 0.39889025893958074 0.038860103626943004 0.01972872996300863
4 0.8801813471502591 0.4001233045622688 0.06476683937823834 0.02342786683107275
4 0.3400259067357513 0.8298397040690506 0.10362694300518134 0.02342786683107275
4 0.16968911917098445 0.8279901356350184 0.10233160621761658 0.025893958076448828
4 0.6845854922279793 0.8316892725030827 0.054404145077720206 0.01726263871763255
4 0.8400259067357513 0.8286066584463625 0.09455958549222798 0.01972872996300863
1 0.6865284974093264 0.3791615289765721 0.06606217616580311 0.06041923551171394
1 0.5660621761658031 0.3791615289765721 0.06088082901554404 0.05425400739827373
1 0.5634715025906736 0.591861898890259 0.06217616580310881 0.059186189889025895
1 0.4423575129533679 0.5881627620221949 0.05958549222797927 0.05795314426633785
1 0.3316062176165803 0.5893958076448829 0.06606217616580311 0.06411837237977805
1 0.2344559585492228 0.5530209617755857 0.05829015544041451 0.06288532675709001
1 0.18134715025906736 0.596177558569667 0.05310880829015544 0.04808877928483354
1 0.2344559585492228 0.6707768187422934 0.06476683937823834 0.06041923551171394
1 0.3387305699481865 0.6707768187422934 0.05958549222797927 0.06288532675709001
1 0.594559585492228 0.7102342786683107 0.05958549222797927 0.059186189889025895
1 0.5226683937823834 0.7515413070283601 0.06217616580310881 0.06535141800246609
1 0.5207253886010362 0.8532675709001233 0.06088082901554404 0.06535141800246609
0 0.35168393782383417 0.5339087546239211 0.09844559585492228 0.06781750924784218
3 0.5401554404145078 0.94019728729963 0.20984455958549222 0.036991368680641186
2 0.5045336787564767 0.6103575832305795 0.8536269430051814 0.44143033292231815
0 0.5971502590673575 0.781750924784217 0.07772020725388601 0.09864364981504316