4 0.9163471502590673 0.37200369913686804 0.02046632124352332 0.05981504315659679
4 0.9156152849740933 0.31984586929716396 0.01900259067357513 0.05007398273736128
4 0.9185362694300518 0.27117139334155366 0.021917098445595858 0.055635018495684335
4 0.8155375647668394 0.4012083847102343 0.09351036269430052 0.023649815043156597
4 0.6548121761658031 0.397731196054254 0.04674870466321244 0.016695437731196052
4 0.5598445595854922 0.397731196054254 0.04676165803108809 0.016695437731196052
4 0.27419689119170987 0.3685265104808878 0.021917098445595858 0.05562268803945746
4 0.2727396373056995 0.3142848335388409 0.01900259067357513 0.058409371146732426
4 0.21648963730569948 0.3984340320591862 0.06137305699481865 0.02086313193588163
4 0.16900259067357512 0.3991245376078915 0.0394559585492228 0.019482120838471024
4 0.12005829015544042 0.39982120838471025 0.06428756476683938 0.023637484586929717
4 0.659928756476684 0.8295807644882862 0.10374352331606218 0.023649815043156597
4 0.8301424870466322 0.8281935881627621 0.10227979274611398 0.026424167694204685
4 0.31511010362694303 0.8316707768187424 0.054054404145077714 0.01668310727496917
4 0.16023316062176166 0.8288840937114673 0.0949740932642487 0.019469790382244143
1 0.3136528497409326 0.37895807644882856 0.06575129533678756 0.05981504315659679
1 0.434190414507772 0.37895807644882856 0.061360103626943004 0.05424167694204686
1 0.4363860103626943 0.5917509247842171 0.06282383419689119 0.059802712700369916
1 0.5576489637305699 0.5882737361282367 0.059909326424870464 0.058421701602959314
1 0.6686917098445596 0.5896670776818742 0.06575129533678756 0.0639704069050555
1 0.7658549222797926 0.5528113440197288 0.058445595854922275 0.06258939580764487
1 0.81845207253886 0.595924784217016 0.05260362694300518 0.048668310727496916
1 0.7658613989637306 0.6710295930949446 0.06428756476683938 0.05981504315659679
1 0.6613860103626943 0.6710295930949446 0.05989637305699482 0.06257706535141801
1 0.405699481865285 0.7099753390875462 0.05989637305699482 0.059802712700369916
1 0.4772927461139897 0.7516954377311961 0.06282383419689119 0.06536374845869297
1 0.4794818652849741 0.8532244143033293 0.06137305699481865 0.06536374845869297
0 0.648231865284974 0.5341368680641184 0.09869170984455958 0.0682983970406905
3 0.4599935233160622 0.9400678175092478 0.2098316062176166 0.037373612823674476
2 0.49519430051813473 0.6101664611590629 0.8542227979274611 0.4420098643649815
0 0.4031411917098446 0.7815598027127004 0.07716321243523316 0.09922318125770653