0 0.2689946277820414 0.4772481040086674 0.11665387567152724 0.09425785482123511
2 0.488871834228703 0.5 0.5894090560245587 1
1 0.35495011511895624 0.3477789815817985 0.08365310821181889 0.1094257854821235
1 0.3699155794320798 0.6782231852654388 0.056024558710667687 0.0866738894907909
1 0.2782041442824252 0.3477789815817985 0.08595548733691481 0.10400866738894908
1 0.35264773599386035 0.4712892741061755 0.059094397544128936 0.08450704225352113
1 0.3488104374520338 0.5980498374864572 0.059094397544128936 0.08450704225352113
4 0.6327705295471988 0.9658721560130011 0.22333077513430544 0.0552546045503792
1 0.4927091327705295 0.9745395449620802 0.05832693783576362 0.050920910075839654
1 0.5590943975441289 0.23022751895991334 0.05832693783576362 0.08884073672806067
1 0.5644666155026861 0.3347778981581798 0.06139677666922486 0.08017334777898158
1 0.47735993860322334 0.22806067172264355 0.059861857252494245 0.08775731310942579