0 0.5161166538756715 0.8261105092091008 0.06676899462778205 0.1646803900325027
2 0.5218726016884113 0.5157096424702059 0.8979278587874137 0.8320693391115926
1 0.6078280890253261 0.7047670639219935 0.07751343054489639 0.1180931744312026
1 0.3737528779739064 0.6836403033586133 0.06139677666922486 0.0790899241603467
1 0.6078280890253261 0.8131094257854822 0.07367613200306984 0.12134344528710726
1 0.5203376822716808 0.7080173347778982 0.059861857252494245 0.08342361863488625
1 0.43054489639293936 0.7134344528710725 0.059861857252494245 0.08342361863488625
4 0.16999232540291634 0.3125677139761647 0.039140445126630855 0.3152762730227519
4 0.08211818879508825 0.7540628385698809 0.03760552570990023 0.19176598049837487
4 0.9635456638526477 0.6208017334777898 0.03837298541826554 0.17984832069339113
1 0.1454336147352264 0.5097508125677139 0.07290867229470453 0.08234019501625135
4 0.9643131235610131 0.3304442036836403 0.03453568687643899 0.218851570964247
1 0.6910974673829624 0.41657638136511377 0.06293169608595549 0.08234019501625135
1 0.6170376055257099 0.40899241603466957 0.056792018419033 0.0866738894907909
1 0.692632386799693 0.5319609967497292 0.06216423637759018 0.08450704225352113