0 0.48399462778204144 0.8260400866738894 0.06663852647735993 0.16495124593716143
2 0.47805832693783584 0.5154712892741061 0.8982348426707598 0.8324810400866739
1 0.3921565617805065 0.7045124593716143 0.07783576362240982 0.11821235102925244
1 0.6261435149654643 0.6836511375947996 0.06108211818879509 0.07928494041170098
1 0.3921565617805065 0.8129956663055254 0.07389102072141213 0.12100758396533044
1 0.4798426707597851 0.7079902491874324 0.060099769762087495 0.0834561213434453
1 0.5694973138910207 0.7135536294691225 0.060099769762087495 0.08344528710725893
4 0.8300805832693784 0.31230227518959913 0.039409056024558714 0.31572047670639225
4 0.917766692248657 0.7538894907908993 0.03743668457405986 0.19193932827735644
4 0.03649654643131236 0.6210617551462622 0.03842670759785111 0.17941495124593715
1 0.8547122026093631 0.5097941495124594 0.07290867229470453 0.08205850487540628
4 0.03551419800460476 0.3303846153846154 0.03448196469685341 0.21836403033586133
1 0.30891020721412127 0.41660888407367286 0.06305448963929393 0.08205850487540628
1 0.3827973906369916 0.4089653304442037 0.057137375287797394 0.0862296858071506
1 0.3074290099769762 0.5320530877573132 0.062072141212586335 0.08484290357529795