1 0.15069767441860465 0.5570245398773006 0.044806201550387594 0.054253578732106345
4 0.12082687338501291 0.24130879345603273 0.152015503875969 0.02920245398773006
4 0.27415374677002585 0.23713701431492842 0.13882428940568475 0.02085889570552147
4 0.41079457364341093 0.2392229038854806 0.11686046511627908 0.02503067484662577
4 0.5856524547803618 0.23852760736196318 0.09928940568475451 0.026421267893660533
4 0.7460142118863049 0.24130879345603273 0.15112403100775193 0.026421267893660533
4 0.8953875968992248 0.2426993865030675 0.15289405684754523 0.023640081799591
4 0.974031007751938 0.3191922290388548 0.014935400516795866 0.1265644171779141
4 0.9744702842377261 0.4478425357873211 0.01405684754521964 0.139079754601227
4 0.9722739018087855 0.5368507157464212 0.014935400516795866 0.036155419222903884
4 0.9731524547803618 0.772597137014315 0.016692506459948322 0.1988957055214724
4 0.8953875968992248 0.8692638036809816 0.14762273901808787 0.02503067484662577
4 0.7508462532299741 0.869959100204499 0.14145994832041342 0.023640081799591
4 0.5781847545219638 0.8706543967280164 0.08962532299741603 0.02503067484662577
4 0.4112273901808785 0.8678732106339468 0.12829457364341085 0.02503067484662577
4 0.2750322997416021 0.8685685071574641 0.1405813953488372 0.02920245398773006
4 0.05931524547803617 0.8671779141104293 0.036020671834625324 0.026421267893660533
1 0.33346899224806203 0.2830368098159509 0.043062015503875964 0.06259713701431492
1 0.33214470284237724 0.6057055214723926 0.03689922480620155 0.04867075664621677
1 0.36948966408268735 0.47427402862985685 0.039547803617571056 0.05562372188139059
1 0.1651937984496124 0.5389468302658487 0.03689922480620155 0.06537832310838446
1 0.21396640826873387 0.6571676891615542 0.03777777777777778 0.06259713701431492
1 0.16870801033591729 0.6578629856850715 0.033385012919896644 0.07233128834355827
1 0.14718346253229975 0.6780265848670757 0.03426356589147287 0.04034764826175869
1 0.05843669250645994 0.7232310838445808 0.028992248062015506 0.052842535787321065
1 0.6524354005167959 0.2197546012269939 0.039547803617571056 0.07231083844580777
1 0.8439922480620154 0.4993047034764826 0.03426356589147287 0.06674846625766871
1 0.8510206718346254 0.6251738241308794 0.044806201550387594 0.06257668711656442
1 0.8439857881136951 0.678721881390593 0.04130490956072351 0.06676891615541922
1 0.8000516795865633 0.6808077709611451 0.036020671834625324 0.07372188139059305
1 0.6533139534883721 0.8004192229038855 0.0377906976744186 0.07094069529652351
1 0.6541925064599483 0.8887321063394684 0.0377906976744186 0.07231083844580777
3 0.6017441860465116 0.9117382413087934 0.04558139534883721 0.07603271983640082
3 0.7495090439276486 0.5541308793456033 0.14573643410852713 0.06441717791411043
3 0.6591472868217053 0.04246421267893661 0.04803617571059431 0.05683026584867076
0 0.9180426356589146 0.5850511247443764 0.10177002583979328 0.14175869120654394
3 0.21664728682170542 0.5515439672801636 0.0618733850129199 0.061860940695296525
2 0.2565439276485788 0.5554192229038856 0.4461627906976744 0.6417586912065439
0 0.10551679586563308 0.6784867075664621 0.05780361757105944 0.06314928425357873
2 0.7499160206718346 0.5547750511247445 0.4526744186046512 0.6482004089979551