4 0.6660206718346253 0.8578732106339468 0.012919896640826873 0.21881390593047034
4 0.6647286821705426 0.6411042944785276 0.015503875968992248 0.18404907975460122
4 0.665374677002584 0.36400817995910023 0.016795865633074936 0.1574642126789366
4 0.66343669250646 0.11451942740286299 0.016795865633074936 0.22903885480572597
4 0.2661498708010336 0.10736196319018405 0.015503875968992248 0.2147239263803681
4 0.2661498708010336 0.37627811860940696 0.015503875968992248 0.1411042944785276
4 0.26744186046511625 0.6400817995910021 0.015503875968992248 0.20245398773006135
4 0.26744186046511625 0.8558282208588958 0.01808785529715762 0.2229038854805726
1 0.6369509043927648 0.7638036809815951 0.040051679586563305 0.06748466257668712
1 0.4334625322997416 0.7658486707566462 0.031007751937984496 0.05930470347648262
1 0.5161498708010336 0.7065439672801636 0.03488372093023256 0.06339468302658487
1 0.4005167958656331 0.9529652351738241 0.040051679586563305 0.05930470347648262
1 0.6770025839793282 0.25869120654396727 0.04521963824289406 0.06339468302658487
1 0.3850129198966408 0.026584867075664622 0.046511627906976744 0.053169734151329244
1 0.31007751937984496 0.25766871165644173 0.04521963824289406 0.05930470347648262
1 0.25452196382428943 0.2556237218813906 0.04521963824289406 0.05930470347648262
3 0.2396640826873385 0.3394683026584867 0.04780361757105943 0.07157464212678936
3 0.46511627906976744 0.11042944785276074 0.041343669250646 0.22085889570552147
3 0.7887596899224806 0.24846625766871167 0.03617571059431524 0.07566462167689161
3 0.46770025839793283 0.9488752556237219 0.03875968992248062 0.09815950920245399
2 0.46511627906976744 0.7658486707566462 0.40568475452196384 0.46830265848670755
2 0.46447028423772607 0.2310838445807771 0.4095607235142119 0.4621676891615542