1 0.849483204134367 0.5572597137014315 0.04521963824289406 0.05521472392638037
4 0.8791989664082688 0.24130879345603273 0.1524547803617571 0.028629856850715747
4 0.7260981912144703 0.23721881390593047 0.13824289405684753 0.02044989775051125
4 0.5891472868217055 0.2392638036809816 0.11627906976744186 0.024539877300613498
4 0.4140826873385013 0.23824130879345604 0.09948320413436693 0.026584867075664622
4 0.25387596899224807 0.24130879345603273 0.1511627906976744 0.026584867075664622
4 0.10465116279069768 0.24233128834355827 0.1524547803617571 0.024539877300613498
4 0.025839793281653745 0.31901840490797545 0.015503875968992248 0.12678936605316973
4 0.025839793281653745 0.44785276073619634 0.014211886304909561 0.1390593047034765
4 0.027777777777777776 0.5368098159509203 0.015503875968992248 0.03680981595092025
4 0.027131782945736434 0.7730061349693251 0.016795865633074936 0.1983640081799591
4 0.10465116279069768 0.869120654396728 0.14728682170542637 0.024539877300613498
4 0.24935400516795866 0.8701431492842536 0.14082687338501293 0.024539877300613498
4 0.4218346253229974 0.8711656441717791 0.08914728682170543 0.024539877300613498
4 0.588501291989664 0.8680981595092024 0.12790697674418605 0.024539877300613498
4 0.7248062015503876 0.8680981595092024 0.14082687338501293 0.028629856850715747
4 0.9405684754521964 0.8670756646216768 0.03617571059431524 0.026584867075664622
1 0.6666666666666666 0.2832310838445808 0.04263565891472868 0.06339468302658487
1 0.6679586563307494 0.6053169734151329 0.037467700258397935 0.049079754601226995
1 0.6304909560723514 0.47443762781186094 0.040051679586563305 0.05521472392638037
1 0.834625322997416 0.5388548057259713 0.037467700258397935 0.065439672801636
1 0.7861757105943152 0.6574642126789366 0.037467700258397935 0.06339468302658487
1 0.8313953488372093 0.6574642126789366 0.03359173126614987 0.07157464212678936
1 0.8527131782945736 0.6779141104294478 0.03488372093023256 0.0408997955010225
1 0.9418604651162791 0.7229038854805726 0.028423772609819122 0.053169734151329244
1 0.3475452196382429 0.2198364008179959 0.040051679586563305 0.07157464212678936
1 0.15633074935400518 0.49897750511247446 0.03488372093023256 0.06748466257668712
1 0.14922480620155038 0.6247443762781186 0.04521963824289406 0.06339468302658487
1 0.15633074935400518 0.6789366053169734 0.041343669250646 0.06748466257668712
1 0.20025839793281655 0.6809815950920245 0.03617571059431524 0.0736196319018405
1 0.34689922480620156 0.8006134969325154 0.037467700258397935 0.07157464212678936
1 0.3456072351421189 0.8885480572597138 0.037467700258397935 0.07157464212678936
3 0.3979328165374677 0.9120654396728016 0.04521963824289406 0.07566462167689161
3 0.25064599483204136 0.5541922290388548 0.14599483204134367 0.065439672801636
3 0.34108527131782945 0.04294478527607362 0.04780361757105943 0.05725971370143149
0 0.08204134366925064 0.5848670756646217 0.1020671834625323 0.1411042944785276
3 0.7835917312661499 0.5511247443762781 0.06201550387596899 0.06134969325153374
2 0.7435400516795866 0.5552147239263804 0.44573643410852715 0.6421267893660532
0 0.8947028423772609 0.6789366053169734 0.05813953488372093 0.06339468302658487
2 0.25 0.5552147239263804 0.45219638242894056 0.6482617586912065