0 0.37841796875 0.28125 0.1484375 0.21354166666666666
2 0.43798828125 0.419921875 0.80029296875 0.5227864583333334
1 0.85693359375 0.4375 0.07080078125 0.07877604166666667
4 0.0439453125 0.3151041666666667 0.0205078125 0.17903645833333334
4 0.04541015625 0.4895833333333333 0.01953125 0.17513020833333334
4 0.8330078125 0.2975260416666667 0.0205078125 0.20247395833333334
1 0.27294921875 0.4856770833333333 0.07568359375 0.09700520833333333
1 0.37841796875 0.4186197916666667 0.0615234375 0.08854166666666667
1 0.46630859375 0.5123697916666666 0.0615234375 0.08723958333333333
1 0.34521484375 0.6399739583333334 0.0634765625 0.0859375
4 0.8330078125 0.5572916666666666 0.0185546875 0.16536458333333334
1 0.349609375 0.716796875 0.064453125 0.08463541666666667