4 0.9034190231362468 0.14671206225680936 0.0606426735218509 0.018093385214007784
1 0.2376992287917738 0.7440661478599222 0.03951156812339331 0.05007782101167315
1 0.43938946015424163 0.610544747081712 0.03859897172236504 0.0445136186770428
1 0.41182519280205654 0.7253015564202335 0.03858611825192802 0.05145914396887159
1 0.4665038560411311 0.767023346303502 0.03583547557840617 0.06536964980544747
1 0.45960796915167096 0.8907976653696498 0.051452442159383036 0.07093385214007782
1 0.48073907455012854 0.17383268482490272 0.045951156812339335 0.07509727626459144
1 0.7853470437017995 0.17244163424124512 0.04686375321336761 0.07511673151750972
4 0.1701606683804627 0.15505836575875487 0.058804627249357325 0.026420233463035018
4 0.2376992287917738 0.15505836575875487 0.05789203084832905 0.02085603112840467
4 0.29512853470437017 0.1543579766536965 0.05696658097686375 0.0222568093385214
4 0.427904884318766 0.15644941634241247 0.0670694087403599 0.03476653696498055
4 0.5409254498714653 0.15227626459143967 0.05789203084832905 0.023657587548638132
1 0.830366323907455 0.38037937743190664 0.04502570694087404 0.0625875486381323
1 0.8262339331619537 0.6411478599221789 0.044113110539845755 0.07233463035019455
1 0.7867223650385605 0.5806517509727627 0.05329048843187661 0.06815175097276265
1 0.8423136246786631 0.5284922178988326 0.043187660668380465 0.050058365758754865
1 0.8652827763496145 0.4721692607003891 0.03951156812339331 0.05145914396887159
4 0.5974357326478149 0.15366731517509727 0.05697943444730077 0.023638132295719844
4 0.7325064267352186 0.14740272373540855 0.06799485861182519 0.019474708171206227
4 0.8423200514138818 0.1508852140077821 0.05973007712082262 0.020875486381322958
1 0.2712403598971722 0.6167996108949416 0.03859897172236504 0.05702334630350194
4 0.39850257069408734 0.8685505836575875 0.04134961439588689 0.01807392996108949
4 0.5583868894601542 0.8685505836575875 0.026645244215938304 0.015311284046692608
4 0.5910025706940875 0.8671595330739299 0.044113110539845755 0.018093385214007784
4 0.7426156812339332 0.8664591439688716 0.06983290488431876 0.0222568093385214
4 0.7876478149100258 0.8657684824902724 0.022056555269922878 0.01807392996108949
4 0.8266966580976863 0.8650778210116732 0.02480719794344473 0.016692607003891052
4 0.8721786632390744 0.8657684824902724 0.06983290488431876 0.020875486381322958
1 0.058059125964010284 0.6042898832684824 0.04593830334190232 0.05702334630350194
1 0.12283419023136247 0.6154182879377431 0.04134961439588689 0.06535019455252919
1 0.21886246786632388 0.6174999999999999 0.03674807197943445 0.058424124513618676
4 0.11318766066838047 0.1571400778210117 0.0606426735218509 0.027821011673151753
0 0.3982904884318766 0.5992412451361867 0.05704370179948586 0.08762645914396887
3 0.15990359897172238 0.45105058365758754 0.08428020565552698 0.06700389105058366
3 0.13947300771208226 0.5193579766536964 0.043419023136246786 0.06443579766536965
3 0.4336182519280205 0.5180642023346302 0.040861182519280205 0.06184824902723735
3 0.4591645244215938 0.44847276264591435 0.09195372750642675 0.059280155642023345
2 0.8154627249357327 0.5038813229571985 0.28691516709511566 0.7216536964980544
2 0.506413881748072 0.5096887159533074 0.2834961439588689 0.7255252918287938
3 0.7635282776349614 0.44332684824902724 0.08258354755784061 0.06443579766536965
2 0.2084318766066838 0.5135505836575877 0.28010282776349615 0.7255058365758755
3 0.7631041131105397 0.5122665369649806 0.08173521850899744 0.06056420233463035
0 0.2973586118251928 0.672704280155642 0.09374035989717225 0.07474708171206226
0 0.9031555269922878 0.558657587548638 0.09451156812339331 0.10953307392996109