4 0.09640102827763496 0.14688715953307394 0.060411311053984576 0.017509727626459144
1 0.7622107969151671 0.7441634241245136 0.03984575835475578 0.05058365758754864
1 0.5604113110539846 0.6108949416342413 0.038560411311053984 0.04474708171206226
1 0.5880462724935732 0.72568093385214 0.038560411311053984 0.05058365758754864
1 0.5334190231362468 0.7665369649805448 0.03598971722365039 0.06614785992217899
1 0.5404884318766067 0.8910505836575876 0.05141388174807198 0.07003891050583658
1 0.519280205655527 0.17412451361867703 0.04627249357326478 0.07587548638132295
1 0.21465295629820053 0.17217898832684825 0.04627249357326478 0.07587548638132295
4 0.8296915167095116 0.1546692607003891 0.05912596401028278 0.027237354085603113
4 0.7622107969151671 0.1546692607003891 0.05784061696658098 0.021400778210116732
4 0.7050128534704371 0.1546692607003891 0.056555269922879174 0.021400778210116732
4 0.5719794344473008 0.1566147859922179 0.06683804627249357 0.03501945525291829
4 0.4588688946015424 0.15272373540856032 0.05784061696658098 0.023346303501945526
1 0.16966580976863754 0.38035019455252916 0.04498714652956298 0.0622568093385214
1 0.17352185089974292 0.6410505836575876 0.043701799485861184 0.07198443579766536
1 0.2133676092544987 0.580739299610895 0.05269922879177378 0.06809338521400778
1 0.15745501285347044 0.5282101167315175 0.043701799485861184 0.05058365758754864
1 0.13496143958868895 0.4717898832684825 0.03984575835475578 0.05058365758754864
4 0.4023136246786632 0.15369649805447472 0.056555269922879174 0.023346303501945526
4 0.26735218508997427 0.14785992217898833 0.06812339331619537 0.019455252918287938
4 0.15745501285347044 0.1507782101167315 0.05912596401028278 0.021400778210116732
1 0.7287917737789203 0.6167315175097277 0.038560411311053984 0.05642023346303502
4 0.6015424164524421 0.8686770428015564 0.04113110539845758 0.017509727626459144
4 0.44151670951156813 0.8686770428015564 0.02699228791773779 0.01556420233463035
4 0.4087403598971722 0.8667315175097277 0.043701799485861184 0.017509727626459144
4 0.2570694087403599 0.8667315175097277 0.06940874035989718 0.021400778210116732
4 0.2120822622107969 0.8657587548638133 0.021850899742930592 0.017509727626459144
4 0.17352185089974292 0.8647859922178989 0.02442159383033419 0.017509727626459144
4 0.12789203084832904 0.8657587548638133 0.06940874035989718 0.021400778210116732
1 0.9421593830334191 0.6040856031128404 0.04627249357326478 0.05642023346303502
1 0.8772493573264781 0.6157587548638133 0.04113110539845758 0.06614785992217899
1 0.7808483290488432 0.617704280155642 0.037275064267352186 0.058365758754863814
4 0.8868894601542416 0.1575875486381323 0.060411311053984576 0.027237354085603113
0 0.6015424164524421 0.5992217898832685 0.056555269922879174 0.08754863813229571
3 0.839974293059126 0.45136186770428016 0.08483290488431877 0.06614785992217899
3 0.8605398457583547 0.519455252918288 0.043701799485861184 0.06420233463035019
3 0.5661953727506427 0.5184824902723736 0.04113110539845758 0.0622568093385214
3 0.5411311053984575 0.448443579766537 0.09254498714652956 0.058365758754863814
2 0.18444730077120822 0.5038910505836576 0.2866323907455013 0.7217898832684825
2 0.493573264781491 0.5097276264591439 0.28406169665809766 0.72568093385214
3 0.2365038560411311 0.44357976653696496 0.08226221079691516 0.06420233463035019
2 0.7917737789203085 0.5136186770428015 0.2802056555269923 0.72568093385214
3 0.23714652956298202 0.5126459143968871 0.08226221079691516 0.06031128404669261
0 0.7024421593830334 0.6731517509727627 0.09383033419023136 0.07392996108949416
0 0.09704370179948586 0.5583657587548638 0.09511568123393316 0.10894941634241245