0 0.6863823529411764 0.6205518945634267 0.16105882352941175 0.09922570016474463
2 0.5759411764705882 0.5825288303130148 0.75 0.7860790774299835
1 0.7173235294117648 0.8852471169686984 0.10676470588235293 0.05701812191103789
1 0.6378676470588235 0.7475535420098847 0.10179411764705883 0.05701812191103789
1 0.5608970588235295 0.6237726523887973 0.11173529411764707 0.05980230642504118
1 0.5546764705882353 0.5034678747940692 0.1191764705882353 0.0556342668863262
1 0.8203676470588236 0.560485996705107 0.08444117647058824 0.0556342668863262
1 0.8427058823529411 0.3810708401976936 0.10923529411764706 0.061186161449752884
1 0.6664264705882352 0.3699423393739703 0.12414705882352942 0.06120263591433278
1 0.5248823529411764 0.17522240527182867 0.10429411764705883 0.06675453047775948
4 0.6813235294117647 0.8310049423393739 0.12911764705882353 0.026425041186161447
4 0.2256764705882353 0.48190280065897856 0.06705882352941177 0.10153212520593081
4 0.22567647058823526 0.28440691927512357 0.05711764705882354 0.11543657331136736
4 0.7011764705882352 0.20095551894563424 0.13905882352941176 0.031993410214168044
4 0.36472058823529413 0.20234761120263592 0.20608823529411763 0.037545304777594726
1 0.3200294117647059 0.8532537067545304 0.09682352941176471 0.059818780889621094
1 0.5373088235294118 0.8525617792421746 0.12414705882352942 0.06953871499176277