1 0.45078125 0.7945205479452054 0.0546875 0.076103500761035
1 0.17421875 0.58675799086758 0.0640625 0.0791476407914764
1 0.2234375 0.5814307458143074 0.059375 0.076103500761035
1 0.28125 0.5989345509893456 0.0734375 0.0502283105022831
1 0.371875 0.6027397260273972 0.0578125 0.0502283105022831
1 0.55859375 0.5958904109589042 0.0703125 0.0563165905631659
1 0.57890625 0.5114155251141552 0.0640625 0.0487062404870624
1 0.70859375 0.6331811263318112 0.0671875 0.0547945205479452
1 0.73359375 0.5745814307458144 0.0484375 0.0654490106544901
1 0.725 0.1613394216133942 0.071875 0.0517503805175038
1 0.72734375 0.1156773211567732 0.0609375 0.0547945205479452
4 0.578125 0.05859969558599695 0.1859375 0.0517503805175038
4 0.29453125 0.9231354642313546 0.1953125 0.0350076103500761
4 0.5703125 0.9208523592085236 0.19375 0.0289193302891933
4 0.8359375 0.9200913242009132 0.190625 0.0365296803652968
4 0.93671875 0.5570776255707762 0.046875 0.1385083713850837
0 0.5796875 0.439117199391172 0.165625 0.1126331811263318
0 0.39296875 0.6575342465753424 0.103125 0.0882800608828006
2 0.57578125 0.484779299847793 0.765625 0.9117199391171994