1 0.45078125 0.2054794520547945 0.0546875 0.076103500761035
1 0.17421875 0.4132420091324201 0.0640625 0.0791476407914764
1 0.2234375 0.4185692541856925 0.059375 0.076103500761035
1 0.28125 0.4010654490106545 0.0734375 0.0502283105022831
1 0.371875 0.3972602739726027 0.0578125 0.0502283105022831
1 0.55859375 0.4041095890410959 0.0703125 0.0563165905631659
1 0.57890625 0.4885844748858447 0.0640625 0.0487062404870624
1 0.70859375 0.3668188736681887 0.0671875 0.0547945205479452
1 0.73359375 0.4254185692541857 0.0484375 0.0654490106544901
1 0.725 0.8386605783866058 0.071875 0.0517503805175038
1 0.72734375 0.8843226788432268 0.0609375 0.0547945205479452
4 0.578125 0.941400304414003 0.1859375 0.0517503805175038
4 0.29453125 0.07686453576864535 0.1953125 0.0350076103500761
4 0.5703125 0.0791476407914764 0.19375 0.0289193302891933
4 0.8359375 0.07990867579908675 0.190625 0.0365296803652968
4 0.93671875 0.4429223744292237 0.046875 0.1385083713850837
0 0.5796875 0.560882800608828 0.165625 0.1126331811263318
0 0.39296875 0.3424657534246575 0.103125 0.0882800608828006
2 0.57578125 0.515220700152207 0.765625 0.9117199391171994