1 0.801953125 0.5479604261796043 0.07853125 0.05284627092846271
1 0.5892109375000001 0.8170776255707761 0.08139062500000001 0.06258751902587519
1 0.5835 0.7691019786910198 0.07853125 0.05841704718417048
1 0.6013515625 0.7127701674277017 0.051390625 0.07092846270928463
1 0.6056328125 0.6244520547945205 0.051390625 0.05563165905631658
1 0.5984921875 0.4429528158295281 0.057109375 0.06815829528158296
1 0.512109375 0.4234855403348554 0.04996875 0.06258751902587519
1 0.636328125 0.29691780821917807 0.0556875 0.06537290715372908
1 0.5763671875 0.2725799086757991 0.067109375 0.047290715372907154
1 0.1523203125 0.2809208523592085 0.052828125000000004 0.06954337899543378
1 0.105203125 0.2788356164383562 0.0556875 0.059802130898021305
4 0.046664062500000006 0.4241780821917808 0.052828125000000004 0.180806697108067
4 0.9347343749999999 0.7002511415525114 0.0356875 0.19054794520547944
4 0.9318828124999999 0.43113394216133943 0.029984375 0.1891476407914764
4 0.9311640625000001 0.1724353120243531 0.037109375 0.18636225266362252
4 0.558515625 0.07438356164383561 0.14278125 0.04590563165905632
0 0.43721875 0.4220471841704719 0.11509375 0.1610806697108067
0 0.6614453125 0.6043835616438356 0.089953125 0.10051750380517505
2 0.4841796875 0.4259132420091324 0.936609375 0.7461339421613394