0 0.51611328125 0.927734375 0.10791015625 0.06901041666666667
2 0.53466796875 0.2955729166666667 0.40966796875 0.5240885416666666
2 0.59912109375 0.7962239583333334 0.287109375 0.4075520833333333
0 0.4931640625 0.3684895833333333 0.0634765625 0.061848958333333336
3 0.69677734375 0.3092447916666667 0.076171875 0.051432291666666664
3 0.6962890625 0.8997395833333334 0.0771484375 0.11328125
4 0.66552734375 0.039713541666666664 0.0625 0.022135416666666668
4 0.51513671875 0.041015625 0.06640625 0.024739583333333332
4 0.45751953125 0.3782552083333333 0.01416015625 0.045572916666666664
4 0.67822265625 0.5572916666666666 0.02783203125 0.018880208333333332
4 0.60546875 0.5572916666666666 0.03857421875 0.02734375
4 0.64892578125 0.6015625 0.11328125 0.024739583333333332
4 0.53759765625 0.6002604166666666 0.0634765625 0.018880208333333332
4 0.45751953125 0.8619791666666666 0.01416015625 0.044270833333333336
4 0.45751953125 0.9348958333333334 0.0166015625 0.048177083333333336
1 0.619384765625 0.027994791666666668 0.04345703125 0.055989583333333336
1 0.623046875 0.2662760416666667 0.046875 0.072265625
1 0.57470703125 0.263671875 0.0498046875 0.072265625
1 0.6376953125 0.3854166666666667 0.03857421875 0.054036458333333336
1 0.64794921875 0.37109375 0.0341796875 0.054036458333333336
1 0.64404296875 0.4322916666666667 0.04052734375 0.056640625
1 0.5078125 0.4602864583333333 0.04345703125 0.054036458333333336
1 0.52099609375 0.3450520833333333 0.0322265625 0.045572916666666664
1 0.52490234375 0.30859375 0.04052734375 0.056640625
1 0.44384765625 0.310546875 0.04052734375 0.055338541666666664
1 0.4443359375 0.451171875 0.04345703125 0.06640625
1 0.37939453125 0.462890625 0.04345703125 0.0625
1 0.58349609375 0.677734375 0.05078125 0.054036458333333336
1 0.58203125 0.7298177083333334 0.04345703125 0.057942708333333336
1 0.57861328125 0.84375 0.037109375 0.049479166666666664
1 0.5791015625 0.9114583333333334 0.0361328125 0.051432291666666664