0 0.17919921875 0.478515625 0.0517578125 0.14388020833333334
2 0.6533203125 0.4537760416666667 0.39306640625 0.5462239583333334
2 0.23193359375 0.3678385416666667 0.39697265625 0.3828125
0 0.5986328125 0.5091145833333334 0.04638671875 0.08463541666666667
3 0.64306640625 0.23763020833333334 0.03857421875 0.1015625
3 0.2001953125 0.23828125 0.0849609375 0.10286458333333333
4 0.84521484375 0.279296875 0.0166015625 0.08333333333333333
4 0.84423828125 0.4798177083333333 0.0185546875 0.08854166666666667
4 0.59130859375 0.556640625 0.0341796875 0.018880208333333332
4 0.45703125 0.2623697916666667 0.01416015625 0.037109375
4 0.45703125 0.359375 0.0205078125 0.051432291666666664
4 0.423828125 0.3014322916666667 0.0185546875 0.15104166666666666
4 0.4248046875 0.4498697916666667 0.01416015625 0.08463541666666667
4 0.228515625 0.556640625 0.033203125 0.018880208333333332
4 0.173828125 0.556640625 0.0361328125 0.022135416666666668
4 0.03955078125 0.279296875 0.017578125 0.125
1 0.86181640625 0.3404947916666667 0.05810546875 0.057942708333333336
1 0.67529296875 0.3359375 0.05419921875 0.0625
1 0.67724609375 0.400390625 0.05419921875 0.06640625
1 0.5859375 0.31640625 0.04052734375 0.051432291666666664
1 0.5966796875 0.302734375 0.04052734375 0.045572916666666664
1 0.55078125 0.3079427083333333 0.04248046875 0.054036458333333336
1 0.52978515625 0.4895833333333333 0.04052734375 0.057942708333333336
1 0.6162109375 0.4720052083333333 0.0341796875 0.04296875
1 0.6435546875 0.466796875 0.04248046875 0.054036458333333336
1 0.64208984375 0.5748697916666666 0.04150390625 0.054036458333333336
1 0.53662109375 0.57421875 0.0498046875 0.057942708333333336
1 0.52783203125 0.6608072916666666 0.046875 0.057942708333333336
1 0.36669921875 0.388671875 0.04052734375 0.06770833333333333
1 0.32763671875 0.390625 0.04345703125 0.057942708333333336
1 0.2421875 0.3951822916666667 0.037109375 0.049479166666666664
1 0.19140625 0.39453125 0.03857421875 0.048177083333333336
1 0.09033203125 0.5748697916666666 0.04443359375 0.0625