2 0.4726278659611993 0.5689517470881863 0.879647266313933 0.7796339434276206
0 0.3428659611992945 0.6063227953410982 0.18848324514991183 0.09665557404326124
4 0.3512169312169312 0.8136564059900167 0.17396825396825397 0.019475873544093178
4 0.8907760141093475 0.4666472545757071 0.07961199294532628 0.09875207986688853
4 0.8878306878306879 0.27471713810316145 0.06190476190476191 0.11821963394342762
4 0.7212433862433862 0.18987104825291182 0.24178130511463847 0.031988352745424296
4 0.324673721340388 0.18987520798668886 0.15037037037037038 0.03477537437603993
1 0.30699294532627863 0.8706780366056573 0.13268077601410935 0.05563227953410982
1 0.7802204585537919 0.8393843594009983 0.11204585537918871 0.057021630615640605
1 0.5266490299823633 0.8373003327787021 0.13562610229276897 0.0695424292845258
1 0.4013403880070547 0.7329908485856905 0.13858906525573192 0.05563227953410982
1 0.4912698412698413 0.6099043261231282 0.12973544973544973 0.05980865224625624
1 0.1831569664902998 0.5431405990016639 0.11499118165784833 0.04867720465890183
1 0.4956878306878307 0.4902911813643926 0.13857142857142857 0.057021630615640605
1 0.15661375661375662 0.36859400998336106 0.12088183421516756 0.06397670549084859
1 0.3689153439153439 0.35816139767054905 0.13268077601410935 0.057021630615640605
1 0.5222222222222221 0.16414309484193013 0.14447971781305116 0.06397670549084859