4 0.5845958083832336 0.18493506493506492 0.030778443113772452 0.089004329004329
1 0.24791916167664668 0.6181709956709958 0.07694610778443113 0.04867965367965368
1 0.24984281437125747 0.664767316017316 0.07309880239520958 0.04728354978354978
1 0.3191017964071856 0.720400432900433 0.06925149700598802 0.05562770562770562
1 0.31717814371257486 0.7982846320346321 0.06926646706586827 0.04451298701298702
1 0.42491017964071853 0.80245670995671 0.06925149700598802 0.05006493506493506
4 0.0526497005988024 0.09241883116883116 0.03655688622754491 0.05975108225108225
4 0.05361526946107784 0.20650974025974025 0.03848802395209581 0.05977272727272727
4 0.5817065868263473 0.06393398268398269 0.024999999999999998 0.07232683982683982
4 0.583630239520958 0.2384848484848485 0.021152694610778445 0.03199134199134199
2 0.3137050898203593 0.6456060606060605 0.5543562874251498 0.2706277056277056
2 0.3154865269461078 0.1526948051948052 0.5543562874251498 0.26932900432900436
3 0.33866017964071854 0.5573322510822512 0.11585329341317366 0.07087662337662337
3 0.34044161676646706 0.06055194805194806 0.11585329341317366 0.06701298701298701
0 0.43045658682634735 0.555400432900433 0.07130239520958084 0.07474025974025975
0 0.29765718562874255 0.20294913419913418 0.10160179640718564 0.039945887445887444
4 0.04880239520958084 0.5841017316017316 0.03655688622754491 0.05562770562770562
4 0.04976796407185628 0.6946699134199135 0.03462574850299401 0.06814935064935065
4 0.050726047904191614 0.12791125541125542 0.028847305389221558 0.01948051948051948
4 0.04880239520958084 0.16685064935064933 0.024999999999999998 0.02225108225108225
1 0.22002994011976046 0.11678571428571428 0.06733532934131736 0.0445021645021645
1 0.21906437125748499 0.1626839826839827 0.06540419161676646 0.03893939393939393
1 0.2979416167664671 0.16615800865800867 0.05770958083832335 0.03199134199134199
1 0.2238697604790419 0.24543290043290045 0.055793413173652696 0.03199134199134199
1 0.5480389221556886 0.12095238095238096 0.06925149700598802 0.04727272727272727
1 0.6057559880239521 0.12095779220779221 0.07309880239520958 0.05007575757575758
1 0.49513473053892215 0.6091341991341991 0.05194610778443114 0.04173160173160173
1 0.5066691616766467 0.7058008658008658 0.04809880239520958 0.04867965367965368
1 0.4287574850299401 0.6112175324675324 0.057724550898203594 0.040335497835497836
1 0.4316467065868263 0.6501677489177489 0.04808383233532934 0.040335497835497836
1 0.36815868263473056 0.6070508658008658 0.05194610778443114 0.040335497835497836