4 0.06437125748502993 0.5611471861471862 0.12275449101796407 0.022727272727272728
1 0.6631736526946108 0.31764069264069267 0.06736526946107785 0.05519480519480519
1 0.7275449101796407 0.31926406926406925 0.0658682634730539 0.05303030303030303
1 0.8046407185628742 0.36904761904761907 0.07634730538922156 0.049783549783549784
1 0.9124251497005988 0.36796536796536794 0.061377245508982034 0.049783549783549784
1 0.9184131736526946 0.4458874458874459 0.0688622754491018 0.049783549783549784
4 0.09431137724550898 0.1774891774891775 0.08233532934131736 0.02813852813852814
4 0.13847305389221556 0.5606060606060606 0.04491017964071856 0.015151515151515152
2 0.7013473053892215 0.3652597402597403 0.37425149700598803 0.4004329004329004
2 0.10254491017964072 0.3658008658008658 0.20508982035928144 0.4004329004329004
3 0.5793413173652695 0.38311688311688313 0.09730538922155689 0.08333333333333333
0 0.5763473053892215 0.4496753246753247 0.10329341317365269 0.05194805194805195
0 0.08907185628742514 0.3538961038961039 0.05538922155688623 0.0735930735930736
4 0.6160179640718563 0.1737012987012987 0.07634730538922156 0.025974025974025976
4 0.7694610778443114 0.17424242424242425 0.09431137724550898 0.024891774891774892
4 0.038922155688622756 0.1737012987012987 0.03143712574850299 0.0183982683982684
1 0.033682634730538924 0.29707792207792205 0.05389221556886228 0.047619047619047616
1 0.03817365269461078 0.3538961038961039 0.04491017964071856 0.04220779220779221
1 0.14820359281437126 0.3003246753246753 0.04491017964071856 0.04004329004329004
1 0.6511976047904192 0.4967532467532468 0.058383233532934134 0.03787878787878788
1 0.7844311377245509 0.5048701298701299 0.06736526946107785 0.03463203463203463
1 0.6541916167664671 0.4485930735930736 0.05538922155688623 0.04220779220779221
1 0.7080838323353293 0.45075757575757575 0.05538922155688623 0.03463203463203463
1 0.6482035928143712 0.40476190476190477 0.05538922155688623 0.03787878787878788