4 0.4154191616766467 0.18506493506493507 0.03143712574850299 0.08874458874458875
1 0.7522455089820359 0.6179653679653679 0.07634730538922156 0.048701298701298704
1 0.75 0.6645021645021645 0.07335329341317365 0.047619047619047616
1 0.6811377245508982 0.7202380952380952 0.0688622754491018 0.05519480519480519
1 0.6826347305389222 0.7981601731601732 0.0688622754491018 0.044372294372294376
1 0.5748502994011976 0.8024891774891775 0.0688622754491018 0.049783549783549784
4 0.9476047904191617 0.09253246753246754 0.03592814371257485 0.05952380952380952
4 0.9461077844311377 0.2067099567099567 0.038922155688622756 0.05952380952380952
4 0.4184131736526946 0.06385281385281386 0.025449101796407185 0.07251082251082251
4 0.4161676646706587 0.23863636363636365 0.020958083832335328 0.032467532467532464
2 0.686377245508982 0.6455627705627706 0.5538922155688623 0.27056277056277056
2 0.6848802395209581 0.1525974025974026 0.5538922155688623 0.2694805194805195
3 0.6616766467065869 0.5573593073593074 0.11526946107784432 0.07034632034632035
3 0.6594311377245509 0.06060606060606061 0.11526946107784432 0.0670995670995671
0 0.5696107784431138 0.5551948051948052 0.0718562874251497 0.07467532467532467
0 0.7020958083832335 0.20292207792207792 0.10179640718562874 0.04004329004329004
4 0.9513473053892215 0.5838744588744589 0.03592814371257485 0.05519480519480519
4 0.9505988023952096 0.6948051948051948 0.0344311377245509 0.06818181818181818
4 0.9491017964071856 0.1277056277056277 0.02844311377245509 0.01948051948051948
4 0.9513473053892215 0.16666666666666666 0.025449101796407185 0.022727272727272728
1 0.7799401197604791 0.11688311688311688 0.06736526946107785 0.044372294372294376
1 0.780688622754491 0.16287878787878787 0.0658682634730539 0.03896103896103896
1 0.7020958083832335 0.16612554112554112 0.058383233532934134 0.032467532467532464
1 0.7761976047904192 0.24567099567099568 0.05538922155688623 0.032467532467532464
1 0.45209580838323354 0.12121212121212122 0.0688622754491018 0.047619047619047616
1 0.3944610778443114 0.12121212121212122 0.07335329341317365 0.049783549783549784
1 0.5044910179640718 0.6093073593073594 0.05239520958083832 0.04220779220779221
1 0.49326347305389223 0.7056277056277056 0.04790419161676647 0.048701298701298704
1 0.5711077844311377 0.6114718614718615 0.058383233532934134 0.04004329004329004
1 0.5681137724550899 0.6504329004329005 0.04790419161676647 0.04004329004329004
1 0.6317365269461078 0.6071428571428571 0.05239520958083832 0.04004329004329004