4 0.7418478260869565 0.4075342465753425 0.02355072463768116 0.0684931506849315
4 0.09782608695652174 0.24315068493150685 0.02717391304347826 0.13013698630136986
3 0.411231884057971 0.5813356164383562 0.15760869565217392 0.11815068493150685
3 0.41032608695652173 0.20034246575342465 0.14855072463768115 0.1113013698630137
2 0.4166666666666667 0.3116438356164384 0.657608695652174 0.3544520547945205
1 0.30978260869565216 0.3587328767123288 0.06159420289855073 0.05650684931506849
1 0.07065217391304347 0.8116438356164384 0.06702898550724638 0.0702054794520548
4 0.7427536231884058 0.7517123287671232 0.02717391304347826 0.125
4 0.7409420289855072 0.2405821917808219 0.02355072463768116 0.13013698630136986
2 0.5317028985507246 0.6883561643835616 0.8894927536231884 0.3578767123287671
4 0.09873188405797101 0.735445205479452 0.028985507246376812 0.09246575342465753
4 0.09510869565217392 0.625 0.025362318840579712 0.1386986301369863
4 0.09601449275362318 0.4049657534246575 0.028985507246376812 0.13184931506849315
1 0.8405797101449275 0.6318493150684932 0.06521739130434782 0.0684931506849315
1 0.7626811594202898 0.6498287671232876 0.06702898550724638 0.06506849315068493
1 0.5760869565217391 0.7131849315068494 0.06521739130434782 0.0702054794520548
1 0.6322463768115942 0.6506849315068494 0.06884057971014493 0.06335616438356165
1 0.6385869565217391 0.5856164383561644 0.057971014492753624 0.04794520547945205
1 0.5969202898550725 0.3895547945205479 0.050724637681159424 0.046232876712328765
1 0.5090579710144928 0.3570205479452055 0.06702898550724638 0.0547945205479452
1 0.4420289855072464 0.3775684931506849 0.050724637681159424 0.0547945205479452
1 0.38405797101449274 0.3775684931506849 0.05253623188405797 0.05821917808219178
1 0.5126811594202898 0.2842465753424658 0.06702898550724638 0.05821917808219178
1 0.30978260869565216 0.2910958904109589 0.057971014492753624 0.0547945205479452
0 0.6938405797101449 0.5667808219178082 0.08695652173913043 0.0958904109589041
0 0.4528985507246377 0.4392123287671233 0.07427536231884058 0.08732876712328767