4 0.40217391304347827 0.728595890410959 0.07246376811594203 0.02226027397260274
4 0.22826086956521738 0.11986301369863013 0.13768115942028986 0.025684931506849314
3 0.5860507246376812 0.4160958904109589 0.125 0.14897260273972604
3 0.18297101449275363 0.4152397260273973 0.11775362318840579 0.1404109589041096
2 0.3007246376811594 0.4212328767123288 0.375 0.6215753424657534
1 0.35054347826086957 0.3202054794520548 0.059782608695652176 0.05821917808219178
1 0.8297101449275363 0.09417808219178082 0.07427536231884058 0.06335616438356165
4 0.7663043478260869 0.7294520547945206 0.1322463768115942 0.025684931506849314
4 0.22554347826086957 0.7277397260273972 0.13768115942028986 0.02226027397260274
2 0.6992753623188406 0.5299657534246576 0.3786231884057971 0.8407534246575342
4 0.7490942028985508 0.12071917808219178 0.09782608695652174 0.0273972602739726
4 0.6322463768115942 0.1172945205479452 0.14673913043478262 0.023972602739726026
4 0.39945652173913043 0.11815068493150685 0.13949275362318841 0.0273972602739726
1 0.6394927536231884 0.821917808219178 0.07246376811594203 0.06164383561643835
1 0.6585144927536232 0.7482876712328768 0.06884057971014493 0.06335616438356165
1 0.7255434782608695 0.571917808219178 0.07427536231884058 0.06164383561643835
1 0.6594202898550725 0.625 0.06702898550724638 0.06506849315068493
1 0.5905797101449275 0.6309931506849316 0.050724637681159424 0.0547945205479452
1 0.38315217391304346 0.5916095890410958 0.04891304347826087 0.04794520547945205
1 0.348731884057971 0.5085616438356164 0.057971014492753624 0.06335616438356165
1 0.3704710144927536 0.4452054794520548 0.057971014492753624 0.04794520547945205
1 0.3704710144927536 0.3904109589041096 0.06159420289855073 0.04965753424657534
1 0.2717391304347826 0.511986301369863 0.06159420289855073 0.06335616438356165
1 0.27898550724637683 0.3202054794520548 0.057971014492753624 0.0547945205479452
0 0.5706521739130435 0.6832191780821918 0.10144927536231885 0.0821917808219178
0 0.43568840579710144 0.4554794520547945 0.09239130434782608 0.0702054794520548