4 0.5977898550724637 0.7287328767123288 0.07210144927536231 0.02226027397260274
4 0.7714130434782609 0.12024828767123287 0.13684782608695653 0.026421232876712327
3 0.41409420289855076 0.4162756849315069 0.12543478260869564 0.1494691780821918
3 0.8169655797101449 0.415625 0.11860507246376811 0.14046232876712328
2 0.6997101449275362 0.42142979452054796 0.3749275362318841 0.6211472602739726
1 0.649284420289855 0.31982876712328767 0.060344202898550726 0.05842465753424657
1 0.17033514492753624 0.09452054794520548 0.07356884057971014 0.06397260273972602
4 0.2336050724637681 0.7294263698630137 0.13242753623188405 0.026421232876712327
4 0.7743659420289855 0.7273373287671233 0.13684782608695653 0.022243150684931507
2 0.3009329710144928 0.5303167808219178 0.3790036231884058 0.8414897260273972
4 0.25052536231884054 0.1209417808219178 0.09858695652173913 0.02780821917808219
4 0.36750000000000005 0.11745719178082191 0.14713768115942027 0.023647260273972605
4 0.6007246376811594 0.11815924657534246 0.13978260869565218 0.027825342465753425
1 0.3608876811594203 0.821917808219178 0.07210144927536231 0.06119863013698631
1 0.3417481884057971 0.7482020547945205 0.06914855072463769 0.06397260273972602
1 0.2740670289855072 0.5715667808219178 0.07505434782608696 0.061181506849315066
1 0.3410144927536232 0.625111301369863 0.06768115942028985 0.0653595890410959
1 0.4094384057971015 0.6313784246575342 0.051485507246376815 0.05563356164383562
1 0.6169112318840579 0.5917380136986301 0.04856884057971014 0.04868150684931507
1 0.6514945652173914 0.5089811643835617 0.058858695652173915 0.06398972602739726
1 0.6294202898550725 0.445 0.05884057971014492 0.04729452054794521
1 0.6294202898550725 0.39075342465753427 0.06181159420289854 0.05006849315068493
1 0.7280072463768116 0.511763698630137 0.06181159420289854 0.06397260273972602
1 0.720643115942029 0.31982020547945206 0.058858695652173915 0.05563356164383562
0 0.4290851449275362 0.6830222602739726 0.10088768115942029 0.08248287671232878
0 0.5640670289855072 0.4555736301369863 0.09269927536231884 0.07087328767123288