4 0.7458937198067633 0.8497191011235955 0.020289855072463767 0.12078651685393259
4 0.3342995169082126 0.5681179775280899 0.01642512077294686 0.16151685393258428
4 0.3352657004830918 0.08356741573033707 0.018357487922705314 0.16573033707865167
4 0.7468599033816425 0.09831460674157304 0.01642512077294686 0.12219101123595505
4 0.7458937198067633 0.5884831460674157 0.014492753623188406 0.11235955056179775
1 0.4782608695652174 0.8033707865168539 0.04830917874396135 0.07724719101123595
1 0.6 0.9831460674157303 0.03671497584541063 0.033707865168539325
3 0.2768115942028985 0.37219101123595505 0.051207729468599035 0.11376404494382023
0 0.5362318840579711 0.10603932584269662 0.08502415458937199 0.1797752808988764
2 0.538647342995169 0.48525280898876405 0.421256038647343 0.398876404494382
2 0.5405797101449276 0.8728932584269663 0.4241545893719807 0.2542134831460674
3 0.6966183574879227 0.8785112359550562 0.09371980676328502 0.07584269662921349
3 0.6647342995169082 0.7963483146067416 0.16328502415458937 0.08286516853932584
3 0.6816425120772946 0.425561797752809 0.03188405797101449 0.0800561797752809
3 0.6154589371980677 0.3377808988764045 0.09855072463768116 0.08707865168539326
2 0.5400966183574879 0.10182584269662921 0.42318840579710143 0.20365168539325842