4 0.2594057971014493 0.8574719101123596 0.08323671497584542 0.029213483146067417
4 0.1106280193236715 0.8567766853932584 0.06314975845410628 0.025042134831460672
4 0.45315458937198067 0.25941713483146067 0.11098550724637682 0.0236376404494382
4 0.7865893719806764 0.26081460674157303 0.11385507246376812 0.026432584269662922
4 0.92531884057971 0.2622050561797753 0.06219323671497585 0.026432584269662922
4 0.9162318840579711 0.860252808988764 0.08036714975845412 0.026432584269662922
4 0.7765410628019324 0.8588623595505618 0.08419323671497585 0.023651685393258428
4 0.439280193236715 0.8574719101123596 0.0774975845410628 0.020870786516853933
1 0.29145893719806765 0.4687429775280899 0.05358454106280193 0.06953651685393258
1 0.15368115942028987 0.645372191011236 0.049758454106280194 0.052851123595505624
3 0.5877632850241546 0.1752808988764045 0.07801932367149758 0.07474719101123595
0 0.7708260869565217 0.5528511235955056 0.12321739130434782 0.12370786516853932
2 0.5101932367149759 0.5560744382022471 0.27393236714975844 0.6121207865168539
2 0.1923816425120773 0.5592977528089889 0.2765893719806763 0.6159831460674157
3 0.9521159420289855 0.7377808988764044 0.05673429951690821 0.2383988764044944
3 0.8953768115942029 0.7854564606741573 0.056743961352657 0.14304775280898877
3 0.23981159420289855 0.7861025280898876 0.052299516908212565 0.1365870786516854
1 0.10297101449275363 0.7114325842696628 0.036357487922705316 0.06258426966292135
3 0.29610628019323676 0.7397120786516853 0.05673429951690821 0.23712078651685395
3 0.5514154589371981 0.7641924157303371 0.05496618357487923 0.046390449438202246
3 0.6116956521739131 0.668188202247191 0.06028019323671498 0.14303370786516856
2 0.8457342995169083 0.5586516853932584 0.2836811594202899 0.614691011235955