1 0.5670103092783505 0.1415929203539823 0.06288659793814433 0.10265486725663717
4 0.28865979381443296 0.08053097345132744 0.03505154639175258 0.16106194690265488
4 0.2881443298969072 0.3 0.03402061855670103 0.18230088495575222
4 0.2845360824742268 0.8778761061946903 0.03608247422680412 0.11327433628318584
4 0.3716494845360825 0.9831858407079646 0.11855670103092783 0.033628318584070796
4 0.6412371134020619 0.984070796460177 0.12164948453608247 0.03185840707964602
1 0.6144329896907217 0.011504424778761062 0.049484536082474224 0.023008849557522124
1 0.6520618556701031 0.09646017699115045 0.05670103092783505 0.11327433628318584
2 0.5087628865979381 0.5 0.45463917525773195 1
0 0.5505154639175258 0.27079646017699116 0.08556701030927835 0.14513274336283186
1 0.4592783505154639 0.9849557522123894 0.058762886597938144 0.03008849557522124
1 0.4572164948453608 0.9353982300884955 0.0577319587628866 0.1168141592920354
1 0.6144329896907217 0.30265486725663715 0.05360824742268041 0.08849557522123894
1 0.4762886597938144 0.41150442477876104 0.060824742268041236 0.09911504424778761
1 0.7036082474226805 0.12300884955752213 0.07010309278350516 0.1079646017699115