1 0.2909948453608247 0.6154247787610619 0.05994845360824742 0.10709734513274335
4 0.25008247422680413 0.13698230088495575 0.10612371134020618 0.05980530973451327
4 0.3837525773195876 0.1362920353982301 0.10612371134020618 0.058424778761061946
4 0.7199432989690722 0.1300353982300885 0.06561855670103092 0.06258407079646018
4 0.7896185567010309 0.28094690265486727 0.03645360824742268 0.20306194690265486
4 0.7892113402061857 0.7427256637168141 0.0324020618556701 0.2087079646017699
1 0.19661340206185568 0.6960973451327432 0.05104123711340206 0.08483185840707964
1 0.2650670103092784 0.7607699115044247 0.06642268041237114 0.09736283185840708
2 0.4392319587628866 0.515424778761062 0.7190824742268042 0.7809380530973452
0 0.3664278350515464 0.5863008849557522 0.08407216494845361 0.14690265486725665
0 0.1660103092783505 0.7828230088495576 0.14111340206185566 0.23067256637168143
1 0.8070360824742269 0.4311504424778761 0.06642268041237114 0.10014159292035398
1 0.7535670103092784 0.42627433628318584 0.06804123711340206 0.0987433628318584
1 0.38496391752577314 0.6967964601769912 0.05184536082474227 0.09178761061946902
1 0.44856185567010304 0.45966371681415935 0.05751546391752577 0.10431858407079646
1 0.28045876288659793 0.8497876106194691 0.06318556701030928 0.11961061946902654