4 0.5709105960264901 0.47011574074074075 0.03132450331125828 0.01390432098765432
1 0.15833609271523177 0.16065586419753086 0.041771523178807946 0.026435185185185183
1 0.18966887417218545 0.12797067901234568 0.029834437086092715 0.03337962962962963
2 0.222044701986755 0.3041280864197531 0.34011589403973513 0.4819598765432099
1 0.6373096026490066 0.38666666666666666 0.041771523178807946 0.02780864197530864
1 0.6313493377483443 0.42699845679012344 0.03879139072847682 0.03060185185185185
1 0.6320943708609271 0.484020061728395 0.03730132450331126 0.03337962962962963
1 0.6358195364238411 0.5264429012345679 0.03581125827814569 0.03199074074074074
1 0.8506870860927152 0.29834876543209876 0.03283112582781457 0.029197530864197532
1 0.8678476821192053 0.3428549382716049 0.028344370860927153 0.03756172839506173
1 0.8581539735099338 0.2740046296296296 0.03283112582781457 0.03337962962962963
1 0.8477069536423841 0.15300925925925926 0.03581125827814569 0.03617283950617284
1 0.8491970198675498 0.12101851851851853 0.03581125827814569 0.041728395061728395
4 0.5157036423841059 0.10850308641975309 0.0701158940397351 0.01669753086419753
4 0.46721026490066225 0.1641358024691358 0.020877483443708607 0.06398148148148149
4 0.46572019867549663 0.25731481481481483 0.017897350993377484 0.041728395061728395
4 0.4649668874172186 0.4047530864197531 0.019403973509933777 0.06675925925925925
4 0.658203642384106 0.13979166666666665 0.07461920529801325 0.01529320987654321
4 0.8909768211920529 0.4722067901234568 0.07460264900662252 0.020864197530864197
4 0.9014155629139073 0.1397993827160494 0.08057947019867549 0.020864197530864197
1 0.18295529801324503 0.2100385802469136 0.03730132450331126 0.03337962962962963
4 0.4052814569536424 0.6954320987654321 0.016423841059602647 0.02780864197530864
4 0.4052814569536424 0.7719212962962962 0.019403973509933777 0.06118827160493827
4 0.18072019867549668 0.7691435185185186 0.014917218543046357 0.06396604938271605
4 0.18146523178807947 0.6989043209876543 0.016407284768211922 0.029197530864197532
4 0.2471192052980133 0.5466126543209877 0.03132450331125828 0.011126543209876542
4 0.09939569536423841 0.472199074074074 0.04028145695364238 0.01529320987654321
4 0.05910596026490067 0.4165740740740741 0.019403973509933777 0.048672839506172835
4 0.057615894039735105 0.3435493827160494 0.019403973509933777 0.04728395061728395
4 0.0576158940397351 0.26775462962962965 0.016423841059602647 0.026435185185185183
4 0.058369205298013246 0.208641975308642 0.014917218543046357 0.03058641975308642
4 0.2486092715231788 0.14257716049382715 0.08205298013245034 0.01808641975308642
2 0.29324503311258276 0.7893132716049382 0.23642384105960268 0.27705246913580245
2 0.8455298013245033 0.2918981481481482 0.19635761589403972 0.36712962962962964
2 0.5794288079470199 0.30606481481481485 0.24746688741721853 0.4909876543209877
3 0.9084685430463577 0.32152777777777775 0.06498344370860927 0.06314814814814815
3 0.3243543046357616 0.569591049382716 0.03317880794701986 0.03865740740740741
0 0.15084437086092714 0.20877314814814815 0.03456953642384106 0.059274691358024684
0 0.6734437086092715 0.3801620370370371 0.042847682119205296 0.06186728395061729
0 0.7992466887417219 0.30670524691358025 0.09816225165562914 0.09020061728395062
3 0.25522350993377485 0.317662037037037 0.06084437086092715 0.06313271604938271
3 0.6596192052980133 0.31895061728395063 0.06221854304635761 0.06314814814814815
3 0.5469370860927153 0.08827932098765431 0.07466887417218543 0.037361111111111116
3 0.2690480132450331 0.05155092592592593 0.04700331125827815 0.023194444444444445
1 0.2344370860927152 0.3713657407407407 0.04178807947019867 0.03060185185185185
1 0.23966059602649006 0.48680555555555555 0.031341059602649005 0.041728395061728395
1 0.338137417218543 0.4861111111111111 0.04028145695364238 0.03756172839506173
1 0.35156456953642384 0.6418827160493827 0.04028145695364238 0.040339506172839504
1 0.24115066225165563 0.6397993827160494 0.04028145695364238 0.03895061728395061
1 0.18817880794701985 0.37832561728395064 0.032814569536423845 0.03337962962962963
1 0.11058774834437086 0.22672067901234566 0.029850993377483447 0.03337962962962963
1 0.11207781456953642 0.18709104938271603 0.03283112582781457 0.03199074074074074
1 0.604478476821192 0.12449845679012347 0.03581125827814569 0.03754629629629629
1 0.6052317880794702 0.1550925925925926 0.04029801324503311 0.03756172839506173
1 0.5731539735099338 0.38040895061728397 0.03581125827814569 0.02921296296296296