4 0.5322847682119205 0.43364197530864196 0.014900662251655629 0.029320987654320986
1 0.8642384105960265 0.8186728395061729 0.028145695364238412 0.038580246913580245
1 0.8990066225165563 0.7893518518518519 0.03642384105960265 0.027777777777777776
2 0.7102649006622517 0.7592592592592593 0.5165562913907285 0.31635802469135804
1 0.6216887417218543 0.37191358024691357 0.029801324503311258 0.038580246913580245
1 0.5786423841059603 0.3773148148148148 0.033112582781456956 0.035493827160493825
1 0.5173841059602649 0.3765432098765432 0.03642384105960265 0.035493827160493825
1 0.4718543046357616 0.3734567901234568 0.0347682119205298 0.033950617283950615
1 0.7160596026490066 0.1728395061728395 0.03145695364238411 0.030864197530864196
1 0.6688741721854304 0.1574074074074074 0.039735099337748346 0.026234567901234566
1 0.7425496688741722 0.16589506172839505 0.03642384105960265 0.030864197530864196
1 0.8725165562913907 0.17592592592592593 0.0380794701986755 0.033950617283950615
1 0.9064569536423841 0.1743827160493827 0.04470198675496689 0.033950617283950615
4 0.9197019867549668 0.4853395061728395 0.018211920529801324 0.06481481481481481
4 0.8600993377483444 0.5308641975308642 0.06788079470198675 0.020061728395061727
4 0.7607615894039735 0.5316358024691358 0.04470198675496689 0.016975308641975308
4 0.6018211920529801 0.5324074074074074 0.07119205298013245 0.018518518518518517
4 0.8865894039735099 0.35262345679012347 0.016556291390728478 0.06944444444444445
4 0.5298013245033113 0.13580246913580246 0.023178807947019868 0.06944444444444445
4 0.8865894039735099 0.1257716049382716 0.023178807947019868 0.07561728395061729
1 0.8112582781456954 0.7955246913580247 0.03642384105960265 0.035493827160493825
4 0.2905629139072848 0.5879629629629629 0.029801324503311258 0.015432098765432098
4 0.20860927152317882 0.5879629629629629 0.06622516556291391 0.018518518518518517
4 0.21109271523178808 0.7978395061728395 0.06788079470198675 0.013888888888888888
4 0.28642384105960267 0.7970679012345679 0.03145695364238411 0.015432098765432098
4 0.4503311258278146 0.7353395061728395 0.011589403973509934 0.029320987654320986
4 0.5298013245033113 0.8734567901234568 0.016556291390728478 0.037037037037037035
4 0.5894039735099338 0.9112654320987654 0.052980132450331126 0.018518518518518517
4 0.668046357615894 0.9120370370370371 0.05132450331125828 0.018518518518518517
4 0.7491721854304636 0.9120370370370371 0.028145695364238412 0.015432098765432098
4 0.8129139072847682 0.9112654320987654 0.033112582781456956 0.013888888888888888
4 0.8832781456953642 0.7345679012345679 0.019867549668874173 0.07716049382716049
2 0.18956953642384106 0.6929012345679012 0.2980132450331126 0.22067901234567902
2 0.7235099337748344 0.17824074074074073 0.39403973509933776 0.18364197530864199
2 0.7077814569536424 0.42592592592592593 0.5264900662251656 0.22993827160493827
3 0.6912251655629139 0.11959876543209877 0.06788079470198675 0.06018518518518518
3 0.42549668874172186 0.6635802469135802 0.041390728476821195 0.030864197530864196
0 0.8120860927152318 0.8256172839506173 0.06291390728476821 0.032407407407407406
0 0.6283112582781457 0.33796296296296297 0.06622516556291391 0.040123456790123455
0 0.7077814569536424 0.22145061728395063 0.09602649006622517 0.09104938271604938
3 0.695364238410596 0.7283950617283951 0.06788079470198675 0.05709876543209876
3 0.6945364238410596 0.35108024691358025 0.06788079470198675 0.05864197530864197
3 0.9420529801324503 0.45601851851851855 0.039735099337748346 0.06944444444444445
3 0.9809602649006622 0.7152777777777778 0.024834437086092714 0.043209876543209874
1 0.6382450331125827 0.7476851851851852 0.033112582781456956 0.038580246913580245
1 0.5140728476821192 0.7422839506172839 0.04470198675496689 0.029320987654320986
1 0.5149006622516556 0.6512345679012346 0.039735099337748346 0.037037037037037035
1 0.347682119205298 0.6381172839506173 0.04304635761589404 0.037037037037037035
1 0.35016556291390727 0.7415123456790124 0.041390728476821195 0.037037037037037035
1 0.6307947019867549 0.7908950617283951 0.03642384105960265 0.030864197530864196
1 0.793046357615894 0.8626543209876543 0.03642384105960265 0.027777777777777776
1 0.8360927152317881 0.8618827160493827 0.0347682119205298 0.030864197530864196
1 0.9031456953642384 0.4027777777777778 0.039735099337748346 0.033950617283950615
1 0.8700331125827815 0.4020061728395062 0.039735099337748346 0.037037037037037035
1 0.6283112582781457 0.43209876543209874 0.03145695364238411 0.033950617283950615