1 0.4560085836909871 0.8831562974203339 0.10085836909871244 0.08952959028831563
1 0.4517167381974249 0.8095599393019727 0.10515021459227468 0.08042488619119878
1 0.30472103004291845 0.8125948406676783 0.10085836909871244 0.08042488619119878
1 0.20386266094420602 0.8148710166919575 0.10515021459227468 0.07738998482549317
2 0.49141630901287553 0.511380880121396 0.9012875536480687 0.8194233687405159
0 0.7607296137339056 0.7094081942336874 0.36909871244635195 0.13808801213960548
4 0.434549356223176 0.1267071320182094 0.16523605150214593 0.06980273141122914
4 0.21566523605150215 0.12974203338391502 0.17167381974248927 0.07283763277693475
4 0.059012875536480686 0.12974203338391502 0.05150214592274678 0.06676783004552352
1 0.5278969957081545 0.6737481031866465 0.10300429184549356 0.06525037936267071
1 0.674892703862661 0.881638846737481 0.10300429184549356 0.08042488619119878