1 0.54431330472103 0.8832321699544766 0.10030042918454936 0.08901365705614567
1 0.5482403433476395 0.8095144157814872 0.10424892703862661 0.08066767830045524
1 0.6957618025751073 0.8123065250379363 0.10032188841201717 0.08066767830045524
1 0.7960729613733906 0.8150834597875569 0.10424892703862661 0.07787556904400607
2 0.5081652360515022 0.5116616084977238 0.9020815450643777 0.8195902883156297
0 0.23936695278969958 0.709339908952959 0.36813304721030043 0.1378907435508346
4 0.5649678111587982 0.1266236722306525 0.1652145922746781 0.06954476479514415
4 0.7842703862660945 0.1294081942336874 0.17111587982832616 0.07232169954476479
4 0.9406330472103005 0.1294081942336874 0.051137339055793984 0.06676783004552352
1 0.4725321888412017 0.6739150227617603 0.10227467811158797 0.06537177541729894
1 0.32499999999999996 0.8818361153262518 0.10227467811158797 0.08066767830045524