1 0.5439914163090128 0.8831562974203339 0.10085836909871244 0.08952959028831563
1 0.5482832618025751 0.8095599393019727 0.10515021459227468 0.08042488619119878
1 0.6952789699570815 0.8125948406676783 0.10085836909871244 0.08042488619119878
1 0.796137339055794 0.8148710166919575 0.10515021459227468 0.07738998482549317
2 0.5085836909871244 0.511380880121396 0.9012875536480687 0.8194233687405159
0 0.23927038626609443 0.7094081942336874 0.36909871244635195 0.13808801213960548
4 0.5654506437768241 0.1267071320182094 0.16523605150214593 0.06980273141122914
4 0.7843347639484979 0.12974203338391502 0.17167381974248927 0.07283763277693475
4 0.9409871244635193 0.12974203338391502 0.05150214592274678 0.06676783004552352
1 0.4721030042918455 0.6737481031866465 0.10300429184549356 0.06525037936267071
1 0.3251072961373391 0.881638846737481 0.10300429184549356 0.08042488619119878