0 0.5497512437810945 0.1533203125 0.10497512437810945 0.1181640625
2 0.5 0.517578125 1 0.9443359375
1 0.02437810945273632 0.939453125 0.039303482587064675 0.04443359375
4 0.6169154228855721 0.39990234375 0.025373134328358207 0.0361328125
1 0.16467661691542287 0.89599609375 0.06218905472636816 0.056640625
4 0.5716417910447761 0.36962890625 0.06517412935323383 0.0302734375
4 0.1427860696517413 0.841796875 0.020895522388059702 0.06787109375
1 0.6199004975124378 0.03515625 0.04527363184079602 0.05126953125
1 0.5786069651741294 0.06689453125 0.0791044776119403 0.0595703125
4 0.572139303482587 0.57861328125 0.0691542288557214 0.0263671875
4 0.618407960199005 0.55419921875 0.027860696517412936 0.04150390625
4 0.5049751243781094 0.86669921875 0.025373134328358207 0.02880859375
4 0.49502487562189057 0.83056640625 0.025373134328358207 0.05419921875
4 0.573134328358209 0.94677734375 0.04228855721393035 0.052734375
4 0.9927860696517413 0.7900390625 0.014427860696517412 0.0986328125
4 0.9905472636815921 0.558349609375 0.01890547263681592 0.09130859375
1 0.6159203980099502 0.11572265625 0.0691542288557214 0.05419921875
1 0.6388059701492538 0.4541015625 0.0691542288557214 0.0498046875
1 0.6402985074626866 0.50244140625 0.06616915422885572 0.056640625
1 0.5203980099502488 0.904296875 0.06766169154228856 0.05419921875
0 0.372636815920398 0.8935546875 0.24378109452736318 0.17138671875