0 0.14676616915422885 0.451171875 0.12039800995024875 0.10302734375
2 0.517910447761194 0.49951171875 0.9621890547263682 0.9931640625
1 0.9477611940298507 0.966796875 0.04527363184079602 0.03857421875
4 0.39800995024875624 0.38525390625 0.03681592039800995 0.02490234375
1 0.9034825870646767 0.8291015625 0.05771144278606965 0.06103515625
4 0.36716417910447763 0.4296875 0.030845771144278607 0.06396484375
4 0.8482587064676617 0.8505859375 0.0691542288557214 0.0205078125
1 0.0263681592039801 0.38232421875 0.05223880597014925 0.04443359375
1 0.05870646766169154 0.4228515625 0.06069651741293532 0.07763671875
4 0.5800995024875621 0.42919921875 0.026865671641791045 0.06787109375
4 0.5552238805970149 0.3837890625 0.04228855721393035 0.02734375
4 0.8736318407960199 0.4951171875 0.02935323383084577 0.02490234375
4 0.83681592039801 0.5048828125 0.05522388059701493 0.02490234375
4 0.9552238805970149 0.42822265625 0.05373134328358209 0.04150390625
4 0.7955223880597015 0.01318359375 0.10049751243781095 0.0205078125
4 0.5597014925373134 0.01416015625 0.09303482587064676 0.02734375
1 0.10845771144278607 0.38623046875 0.05522388059701493 0.06787109375
1 0.4532338308457711 0.36376953125 0.050746268656716415 0.06787109375
1 0.5024875621890548 0.3623046875 0.05771144278606965 0.06494140625
1 0.9119402985074627 0.47998046875 0.05522388059701493 0.06640625
0 0.9009950248756219 0.625 0.1746268656716418 0.2392578125