1 0.4445773524720893 0.3036159600997506 0.049441786283891544 0.07481296758104738
1 0.4086921850079745 0.3229426433915212 0.037480063795853266 0.059850374064837904
1 0.3616427432216906 0.0885286783042394 0.046251993620414676 0.07231920199501247
1 0.4481658692185008 0.46384039900249374 0.04066985645933014 0.08104738154613467
3 0.578548644338118 0.4164588528678304 0.05661881977671451 0.14214463840399003
0 0.3879585326953748 0.25498753117206985 0.07416267942583732 0.17206982543640897
2 0.4716905901116427 0.7805486284289277 0.4840510366826156 0.4389027431421446
2 0.42384370015948963 0.24750623441396508 0.3835725677830941 0.49501246882793015
3 0.5374800637958532 0.4488778054862843 0.13636363636363635 0.08104738154613467
4 0.2372408293460925 0.763715710723192 0.017543859649122806 0.06483790523690773
4 0.6435406698564593 0.9226932668329177 0.03349282296650718 0.022443890274314215
4 0.45015948963317387 0.5654613466334164 0.03827751196172249 0.03117206982543641
4 0.3919457735247209 0.4912718204488778 0.03189792663476874 0.017456359102244388
4 0.2364433811802233 0.7094763092269327 0.024720893141945772 0.046134663341645885
4 0.23444976076555024 0.6577306733167082 0.024720893141945772 0.06483790523690773
4 0.483652312599681 0.5648379052369077 0.03189792663476874 0.028678304239401497
4 0.5159489633173844 0.5660847880299252 0.03987240829346093 0.028678304239401497
4 0.6794258373205742 0.922069825436409 0.0430622009569378 0.02369077306733167
1 0.48165869218500795 0.9894014962593516 0.05263157894736842 0.02119700748129676
1 0.529505582137161 0.9226932668329177 0.051036682615629984 0.08354114713216958
1 0.6267942583732058 0.9894014962593516 0.05901116427432217 0.02119700748129676