1 0.625414673046252 0.41307980049875315 0.04803827751196173 0.07788029925187033
1 0.6134051036682616 0.3574501246882793 0.03824561403508772 0.05841645885286783
1 0.7632854864433811 0.2837344139650873 0.046251993620414676 0.07233167082294265
1 0.523122009569378 0.41864713216957605 0.051586921850079744 0.06397755610972569
3 0.5535805422647528 0.6230486284289276 0.09065390749601276 0.08891521197007482
0 0.0862799043062201 0.5070635910224439 0.09230462519936204 0.125
0 0.6565988835725678 0.3247256857855362 0.11043859649122807 0.11598503740648379
2 0.2474043062200957 0.45551745635910224 0.4277432216905901 0.7564463840399002
2 0.7147049441786284 0.3807730673316708 0.4227910685805422 0.5992269326683292
3 0.0903987240829346 0.6178927680798004 0.09889952153110047 0.08892768079800498
3 0.5325637958532695 0.5586097256857855 0.051921850079744813 0.21263092269326683
4 0.04012360446570973 0.11268703241895262 0.017791068580542264 0.05567331670822943
4 0.05969298245614035 0.0855423940149626 0.03914673046251994 0.029214463840399003
4 0.33141945773524717 0.08902119700748129 0.041786283891547045 0.02781795511221945
4 0.037898724082934605 0.4937468827930175 0.01689792663476874 0.06397755610972569
4 0.09482456140350878 0.7211221945137157 0.013349282296650717 0.05975062344139651
4 0.22958532695374803 0.7246009975062344 0.014226475279106858 0.05279301745635911
4 0.4581897926634768 0.42210723192019944 0.019569377990430622 0.05977556109725685
4 0.5057735247208931 0.33102244389027435 0.011562998405103669 0.050074812967581046
4 0.9238437001594896 0.33658977556109726 0.0186762360446571 0.05841645885286783
4 0.9251754385964911 0.3859538653366583 0.012456140350877193 0.051458852867830425
4 0.926511164274322 0.42976932668329176 0.015127591706539075 0.05841645885286783
4 0.36612041467304623 0.08762468827930174 0.029354066985645935 0.038940149625935165
4 0.39903508771929824 0.08484413965087283 0.04180223285486444 0.038940149625935165
4 0.4586323763955343 0.4742768079800499 0.01868421052631579 0.050074812967581046
4 0.4577432216905901 0.5250436408977557 0.0186762360446571 0.06258104738154613
4 0.09037878787878789 0.08415211970074812 0.03291068580542265 0.03199501246882793
4 0.1228548644338118 0.08415211970074814 0.037384370015948964 0.02920199501246883
4 0.040566188197767146 0.1641209476309227 0.015119617224880384 0.05841645885286783
4 0.09615629984051037 0.7802556109725686 0.019569377990430622 0.06397755610972569
4 0.2300318979266348 0.7802618453865336 0.015119617224880384 0.0667581047381546
1 0.16909888357256778 0.4721882793017457 0.049808612440191385 0.08205735660847881
1 0.14908692185007977 0.4972256857855361 0.048923444976076556 0.06537406483790524
1 0.22958532695374798 0.5458977556109725 0.0533652312599681 0.07927680798004988
1 0.16776714513556618 0.6981982543640897 0.05070175438596491 0.09178304239401497
1 0.16331738437001594 0.8539713216957607 0.05070175438596491 0.08901496259351621