3 0.4298418972332016 0.7310866574965612 0.06719367588932806 0.10453920220082531
1 0.12351778656126482 0.3466299862448418 0.08300395256916997 0.05639614855570839
1 0.19466403162055335 0.34731774415405775 0.08102766798418973 0.0577716643741403
1 0.11956521739130435 0.6671251719394773 0.07905138339920949 0.052269601100412656
1 0.1907114624505929 0.6657496561210454 0.07312252964426877 0.0577716643741403
1 0.35968379446640314 0.6547455295735901 0.06719367588932806 0.055020632737276476
1 0.4654150197628458 0.6299862448418156 0.07509881422924901 0.0453920220082531
1 0.575098814229249 0.6382393397524071 0.07905138339920949 0.05089408528198074
1 0.5207509881422925 0.6898211829436038 0.06324110671936758 0.037138927097661624
1 0.6887351778656127 0.7228335625859698 0.06719367588932806 0.03576341127922971
1 0.7114624505928854 0.41471801925722146 0.06521739130434782 0.04264099037138927
1 0.7618577075098815 0.35832187070151306 0.09090909090909091 0.055020632737276476
1 0.8754940711462451 0.3562585969738652 0.09486166007905138 0.05364511691884457
4 0.15711462450592886 0.26478679504814306 0.03162055335968379 0.10041265474552957
4 0.15217391304347827 0.5756533700137552 0.025691699604743084 0.10453920220082531
4 0.8458498023715415 0.2592847317744154 0.029644268774703556 0.10041265474552957
4 0.8399209486166008 0.5777166437414031 0.021739130434782608 0.10591471801925723
4 0.8428853754940712 0.749656121045392 0.02766798418972332 0.05089408528198074
0 0.7885375494071146 0.42778541953232463 0.10276679841897234 0.08803301237964237
0 0.6284584980237155 0.7276478679504814 0.16403162055335968 0.11004126547455295
3 0.43280632411067194 0.4154057771664374 0.07509881422924901 0.10178817056396149
3 0.47134387351778656 0.44154057771664373 0.1422924901185771 0.048143053645116916
3 0.46936758893280633 0.7510316368638239 0.1422924901185771 0.06740027510316368
2 0.5009881422924901 0.3321870701513067 0.7055335968379447 0.2861072902338377
2 0.5 0.6464924346629987 0.7114624505928854 0.29298486932599727