3 0.832401185770751 0.45101100412654743 0.1499802371541502 0.04639614855570839
1 0.2792391304347826 0.237888583218707 0.08191699604743083 0.0584181568088033
1 0.2802371541501976 0.2872627235213205 0.08391304347826087 0.05702888583218707
1 0.7398418972332015 0.23510316368638237 0.07592885375494071 0.055625859697386516
1 0.7378359683794466 0.28447730398899584 0.08393280632411067 0.051458046767537825
1 0.7218577075098814 0.40200137551581844 0.07992094861660079 0.04727647867950481
1 0.6868873517786561 0.4757152682255846 0.0659486166007905 0.05286107290233838
1 0.6988735177865613 0.5522077028885832 0.07395256916996047 0.05563961485557084
1 0.7728063241106718 0.514656121045392 0.053952569169960475 0.04449793672627236
1 0.8197727272727273 0.6314855570839064 0.051956521739130436 0.047290233837689134
1 0.37715415019762843 0.6474828060522696 0.06193675889328063 0.04588720770288858
1 0.29622529644268775 0.6822558459422283 0.07992094861660079 0.06258596973865199
1 0.2932312252964427 0.7615268225584594 0.07792490118577075 0.06536451169188447
1 0.312203557312253 0.9312035763411279 0.08393280632411067 0.048679504814305365
4 0.16233201581027668 0.26152682255845944 0.14387351778656127 0.022255845942228337
4 0.6089525691699604 0.2580536451169188 0.1498814229249012 0.018088033012379642
4 0.15434782608695652 0.7406671251719396 0.14387351778656127 0.020866574965612103
4 0.6119466403162056 0.7364924346629985 0.1518774703557312 0.01529573590096286
4 0.8587450592885375 0.7385832187070152 0.07393280632411066 0.019477303988995873
0 0.39637351778656127 0.7010110041265475 0.12590909090909091 0.07217331499312242
0 0.8268478260869565 0.5895460797799175 0.15737154150197627 0.11469050894085281
3 0.37878458498023715 0.4529436038514442 0.14626482213438735 0.05284731774415406
3 0.41581027667984183 0.48 0.06849802371541501 0.09922971114167813
3 0.8610968379446641 0.4787207702888583 0.09626482213438735 0.09922971114167813
2 0.2593675889328063 0.5006189821182944 0.4110276679841897 0.4909766162310866
2 0.7102075098814229 0.4999793672627235 0.420296442687747 0.4948418156808803
2 0.46858695652173915 0.9078404401650619 0.2777272727272727 0.11210453920220083