1 0.5682730923694779 0.7384937238493724 0.06291834002677377 0.09832635983263599
4 0.7831325301204819 0.4780334728033473 0.020080321285140562 0.23640167364016737
4 0.785809906291834 0.7290794979079498 0.0214190093708166 0.1297071129707113
4 0.785140562248996 0.9581589958158996 0.022757697456492636 0.08368200836820083
1 0.2362784471218206 0.8451882845188284 0.07228915662650602 0.100418410041841
1 0.2958500669344043 0.9456066945606695 0.0642570281124498 0.1087866108786611
1 0.42704149933065594 0.948744769874477 0.05622489959839357 0.09832635983263599
1 0.48527443105756357 0.9518828451882845 0.04819277108433735 0.09414225941422594
1 0.5060240963855421 0.6506276150627615 0.060240963855421686 0.12343096234309624
1 0.5829986613119144 0.3127615062761506 0.06827309236947791 0.12552301255230125
2 0.5227576974564926 0.5 0.5421686746987951 1
1 0.5662650602409639 0.9267782426778243 0.06559571619812583 0.10251046025104603