1 0.3473895582329317 0.39294979079497905 0.06318607764390897 0.09874476987447699
4 0.8355421686746988 0.25039748953974894 0.02136546184738956 0.23644351464435145
4 0.5142570281124498 0.057071129707112964 0.15129852744310576 0.030585774058577403
4 0.3536211512717537 0.052897489539748946 0.0827710843373494 0.03336820083682008
4 0.1560441767068273 0.05289748953974895 0.1539625167336011 0.03617154811715481
1 0.2793038821954485 0.9117259414225941 0.06406961178045516 0.11265690376569037
1 0.2143373493975904 0.8178451882845188 0.07119143239625167 0.1001255230125523
1 0.2129986613119143 0.6140899581589957 0.06318607764390897 0.08763598326359832
1 0.2107764390896921 0.5229916317991632 0.0605087014725569 0.07510460251046025
1 0.40390227576974563 0.49031380753138076 0.07832663989290495 0.09317991631799163
1 0.8600133868808567 0.5452510460251045 0.07742971887550201 0.111255230125523
1 0.619718875502008 0.37 0.08099062918340026 0.10569037656903767
4 0.8350937081659974 0.7211820083682009 0.018701472556894246 0.25173640167364014
2 0.431566265060241 0.46387029288702925 0.8196519410977242 0.8479497907949791
0 0.1260508701472557 0.6198012552301255 0.11461847389558233 0.11081589958158995
1 0.227235609103079 0.39643305439330545 0.0649665327978581 0.10290794979079497