1 0.43884892086330934 0.7961630695443646 0.0710431654676259 0.09232613908872901
1 0.40782374100719426 0.2224220623501199 0.06654676258992806 0.09352517985611511
1 0.4087230215827338 0.302757793764988 0.06025179856115108 0.08393285371702638
1 0.43884892086330934 0.6414868105515588 0.07733812949640288 0.09592326139088729
1 0.5669964028776978 0.7817745803357314 0.06564748201438848 0.07673860911270983
4 0.8525179856115108 0.5947242206235012 0.017985611510791366 0.1618705035971223
4 0.3017086330935252 0.2667865707434053 0.15377697841726617 0.023980815347721823
4 0.21133093525179855 0.13609112709832133 0.017985611510791366 0.07314148681055156
4 0.33138489208633093 0.10971223021582734 0.2670863309352518 0.017985611510791366
4 0.4631294964028777 0.14388489208633093 0.018884892086330936 0.05515587529976019
4 0.6276978417266187 0.17386091127098321 0.2275179856115108 0.02877697841726619
0 0.6731115107913669 0.8111510791366906 0.1681654676258993 0.14268585131894485
2 0.5314748201438849 0.5299760191846523 0.6519784172661871 0.7266187050359713