1 0.5611510791366906 0.7961630695443646 0.0710431654676259 0.09232613908872901
1 0.5921762589928058 0.2224220623501199 0.06654676258992806 0.09352517985611511
1 0.5912769784172662 0.302757793764988 0.06025179856115108 0.08393285371702638
1 0.5611510791366906 0.6414868105515588 0.07733812949640288 0.09592326139088729
1 0.43300359712230213 0.7817745803357314 0.06564748201438848 0.07673860911270983
4 0.1474820143884892 0.5947242206235012 0.017985611510791366 0.1618705035971223
4 0.6982913669064749 0.2667865707434053 0.15377697841726617 0.023980815347721823
4 0.7886690647482014 0.13609112709832133 0.017985611510791366 0.07314148681055156
4 0.6686151079136691 0.10971223021582734 0.2670863309352518 0.017985611510791366
4 0.5368705035971223 0.14388489208633093 0.018884892086330936 0.05515587529976019
4 0.3723021582733813 0.17386091127098321 0.2275179856115108 0.02877697841726619
0 0.3268884892086331 0.8111510791366906 0.1681654676258993 0.14268585131894485
2 0.4685251798561151 0.5299760191846523 0.6519784172661871 0.7266187050359713