1 0.7222032374100719 0.5813009592326139 0.06884892086330935 0.09456834532374102
1 0.291919964028777 0.623021582733813 0.06988309352517985 0.0890167865707434
1 0.3518974820143885 0.6216306954436451 0.06258992805755395 0.08067146282973621
1 0.6058992805755395 0.581294964028777 0.07197841726618706 0.10292565947242206
1 0.7112499999999999 0.4109232613908873 0.057374100719424455 0.08762589928057554
4 0.5709532374100719 0.029838129496402875 0.12100719424460432 0.02363309352517986
4 0.32529676258992807 0.7641906474820145 0.017733812949640288 0.2044484412470024
4 0.22724820143884894 0.8851918465227818 0.05528776978417266 0.023645083932853715
4 0.20742805755395682 0.7245503597122301 0.01356115107913669 0.35605515587529973
4 0.23298561151079136 0.549304556354916 0.04172661870503597 0.02503597122302158
4 0.25541366906474816 0.3295623501199041 0.021906474820143886 0.30320143884892087
0 0.733421762589928 0.26939448441247 0.10727517985611511 0.2242326139088729
2 0.522261690647482 0.45818345323741005 0.5450629496402878 0.8698441247002399