4 0.80908203125 0.9571823204419889 0.03515625 0.0856353591160221
4 0.80859375 0.8646408839779005 0.0419921875 0.10842541436464088
4 0.80908203125 0.606353591160221 0.041015625 0.11533149171270718
4 0.8095703125 0.4965469613259669 0.0380859375 0.11256906077348067
4 0.81005859375 0.23964088397790057 0.04296875 0.11947513812154696
4 0.81103515625 0.1277624309392265 0.041015625 0.11533149171270718
1 0.42041015625 0.869475138121547 0.06982421875 0.08977900552486189
1 0.412109375 0.9067679558011049 0.0556640625 0.1042817679558011
1 0.35693359375 0.9053867403314917 0.056640625 0.09875690607734806
1 0.2763671875 0.22168508287292818 0.08935546875 0.10842541436464088
2 0.496826171875 0.5 0.64501953125 1
0 0.26806640625 0.837707182320442 0.08984375 0.24447513812154695
1 0.41552734375 0.15193370165745856 0.04296875 0.07458563535911603
1 0.341796875 0.7693370165745856 0.07080078125 0.08977900552486189
1 0.41845703125 0.6153314917127072 0.07373046875 0.08839779005524862
1 0.380859375 0.5932320441988951 0.06787109375 0.10290055248618785
1 0.42529296875 0.23273480662983426 0.0654296875 0.08287292817679558