4 0.19091796875 0.04247237569060774 0.03515625 0.08494475138121547
4 0.19140625 0.13535911602209943 0.0419921875 0.10842541436464088
4 0.19091796875 0.393646408839779 0.041015625 0.11533149171270718
4 0.1904296875 0.5034530386740331 0.0380859375 0.11256906077348067
4 0.18994140625 0.7603591160220995 0.04296875 0.11947513812154696
4 0.18896484375 0.8722375690607734 0.041015625 0.11533149171270718
1 0.57958984375 0.13052486187845305 0.06982421875 0.08977900552486189
1 0.587890625 0.09323204419889503 0.0556640625 0.1042817679558011
1 0.64306640625 0.09461325966850828 0.056640625 0.09875690607734806
1 0.7236328125 0.7783149171270718 0.08935546875 0.10842541436464088
2 0.502685546875 0.5 0.64501953125 1
0 0.73193359375 0.162292817679558 0.08984375 0.24447513812154695
1 0.58447265625 0.8480662983425414 0.04296875 0.07458563535911603
1 0.658203125 0.23066298342541436 0.07080078125 0.08977900552486189
1 0.58154296875 0.3846685082872928 0.07373046875 0.08839779005524862
1 0.619140625 0.406767955801105 0.06787109375 0.10290055248618785
1 0.57470703125 0.7672651933701657 0.0654296875 0.08287292817679558