4 0.16259765625 0.06284530386740332 0.08837890625 0.049723756906077346
4 0.2421875 0.06353591160220995 0.07666015625 0.05939226519337017
4 0.4248046875 0.06284530386740332 0.08154296875 0.058011049723756904
4 0.50244140625 0.062154696132596686 0.07958984375 0.05386740331491713
4 0.68408203125 0.06146408839779006 0.08447265625 0.06077348066298342
4 0.76318359375 0.060082872928176795 0.08154296875 0.058011049723756904
1 0.23876953125 0.6125690607734806 0.0634765625 0.09875690607734806
1 0.21240234375 0.6243093922651933 0.07373046875 0.0787292817679558
1 0.21337890625 0.7023480662983426 0.06982421875 0.08011049723756906
1 0.69677734375 0.8162983425414365 0.07666015625 0.12638121546961326
2 0.46435546875 0.5041436464088398 0.90771484375 0.912292817679558
0 0.26123046875 0.8280386740331491 0.1728515625 0.1270718232044199
1 0.74609375 0.619475138121547 0.052734375 0.06077348066298342
1 0.3095703125 0.7237569060773481 0.0634765625 0.10013812154696132
1 0.41845703125 0.6153314917127072 0.0625 0.1042817679558011
1 0.43408203125 0.6685082872928176 0.07275390625 0.09599447513812155
1 0.68896484375 0.6056629834254144 0.05859375 0.0925414364640884