1 0.4151685393258427 0.04512635379061372 0.07078651685393259 0.09025270758122744
4 0.26348314606741574 0.644404332129964 0.025842696629213482 0.17870036101083034
4 0.2640449438202247 0.9169675090252708 0.02696629213483146 0.16606498194945848
4 0.26348314606741574 0.30866425992779783 0.020224719101123594 0.1967509025270758
4 0.7106741573033708 0.5126353790613718 0.024719101123595506 0.1444043321299639
2 0.4853932584269663 0.5 0.45617977528089887 1
0 0.547191011235955 0.6471119133574007 0.07752808988764046 0.23465703971119134
1 0.6348314606741573 0.8122743682310469 0.07640449438202247 0.13537906137184116
1 0.6146067415730337 0.6290613718411552 0.07415730337078652 0.11371841155234658
1 0.6235955056179775 0.12093862815884476 0.056179775280898875 0.11732851985559567
1 0.35168539325842696 0.04422382671480144 0.07415730337078652 0.08844765342960288