1 0.21067415730337077 0.36462093862815886 0.0696629213483146 0.11371841155234658
4 0.5898876404494382 0.12003610108303249 0.11123595505617978 0.04151624548736462
4 0.8174157303370787 0.12184115523465704 0.21910112359550563 0.04332129963898917
4 0.3808988764044944 0.12003610108303249 0.12247191011235956 0.032490974729241874
4 0.10898876404494381 0.3185920577617328 0.11348314606741573 0.039711191335740074
4 0.5078651685393258 0.8384476534296029 0.0898876404494382 0.039711191335740074
2 0.5028089887640449 0.47653429602888087 0.9404494382022472 0.7328519855595668
0 0.5915730337078652 0.575812274368231 0.14606741573033707 0.12454873646209386
1 0.6943820224719102 0.7166064981949458 0.08426966292134831 0.12274368231046931
1 0.5803370786516854 0.6841155234657039 0.07078651685393259 0.11913357400722022
1 0.2640449438202247 0.6985559566787004 0.07303370786516854 0.09025270758122744
1 0.2095505617977528 0.26263537906137185 0.0696629213483146 0.11913357400722022