1 0.7891685393258427 0.3644584837545126 0.06925842696629214 0.11404332129963898
4 0.40997191011235956 0.11967509025270757 0.11082022471910112 0.041732851985559566
4 0.18271910112359552 0.12175992779783393 0.21903370786516854 0.04312274368231047
4 0.6190505617977529 0.11967509025270757 0.12207865168539327 0.033393501805054154
4 0.8908988764044944 0.3185649819494585 0.11341573033707865 0.03893501805054152
4 0.4922191011235955 0.8387274368231048 0.09003370786516854 0.03893501805054152
2 0.49719101123595505 0.4761823104693141 0.9409213483146067 0.733231046931408
0 0.40855056179775284 0.5760559566787004 0.146 0.12370036101083033
1 0.3056516853932584 0.7163357400722021 0.08397752808988763 0.1223826714801444
1 0.41949438202247186 0.6843501805054152 0.07098876404494382 0.11960288808664261
1 0.7359269662921348 0.6989530685920579 0.07358426966292134 0.09039711191335739
1 0.7904662921348314 0.26223826714801446 0.07012359550561797 0.11823104693140794