4 0.5777496839443742 0.8273045507584598 0.1934260429835651 0.026837806301050177
4 0.8097345132743363 0.823803967327888 0.2806573957016435 0.030338389731621937
1 0.24209860935524652 0.367561260210035 0.08343868520859671 0.07234539089848308
1 0.2225031605562579 0.7922987164527421 0.06447534766118837 0.07234539089848308
1 0.22629582806573956 0.8459743290548425 0.0632111251580278 0.07817969661610269
1 0.6921618204804045 0.5221703617269545 0.05436156763590392 0.044340723453908985
1 0.6927939317319848 0.5688448074679113 0.05562579013906448 0.040840140023337225
1 0.793299620733249 0.43757292882147025 0.07585335018963338 0.060676779463243874
1 0.7332490518331226 0.43582263710618435 0.07711757269279393 0.06651108518086347
1 0.7408343868520859 0.529171528588098 0.05815423514538559 0.047841306884480746
1 0.706700379266751 0.6213535589264878 0.06447534766118837 0.07117852975495916
2 0.48166877370417194 0.4871645274212369 0.9633375474083439 0.6872812135355892
0 0.606826801517067 0.5105017502917153 0.12389380530973451 0.06651108518086347
4 0.3672566371681416 0.15635939323220538 0.1731984829329962 0.0338389731621937
4 0.5897597977243995 0.1528588098016336 0.16940581542351454 0.03150525087514586
4 0.010745891276864728 0.2887981330221704 0.021491782553729456 0.11085180863477247
4 0.008217446270543615 0.39556592765460913 0.01643489254108723 0.11435239206534423
4 0.10176991150442478 0.82438739789965 0.20353982300884957 0.029171528588098017
4 0.3672566371681416 0.8267211201866977 0.22123893805309736 0.038506417736289385