4 0.8547977243994944 0.5715810968494749 0.028634639696586597 0.17802800466744456
4 0.85102402022756 0.7857642940490082 0.033147914032869784 0.25869311551925317
1 0.3567762326169406 0.26212368728121355 0.07835651074589127 0.07649941656942824
1 0.8163716814159292 0.2440431738623104 0.07835651074589127 0.05980163360560093
1 0.8751390644753477 0.24751458576429405 0.08438685208596713 0.05841306884480747
1 0.5240328697850821 0.677287047841307 0.04821744627054362 0.050070011668611435
1 0.574519595448799 0.6779813302217036 0.04370417193426043 0.0514585764294049
1 0.43211757269279394 0.7704667444574095 0.06630847029077118 0.06954492415402568
1 0.4306131479140329 0.7155250875145857 0.07232616940581542 0.07093348891481914
1 0.5315739570164348 0.7224854142357059 0.051238938053097344 0.05423570595099183
1 0.6317762326169405 0.6904959159859977 0.07685208596713021 0.05980163360560093
2 0.4867635903919089 0.47878646441073514 0.7441719342604298 0.8982030338389732
0 0.5111946902654867 0.5986289381563593 0.07260429835651075 0.11469078179696617
4 0.1277307206068268 0.377561260210035 0.036169405815423515 0.15995332555425906
4 0.12396333754740833 0.5827071178529755 0.03465233881163085 0.1557759626604434
4 0.2708849557522124 0.04098016336056009 0.12055625790139064 0.03477246207701284
4 0.3869152970922883 0.038197199533255545 0.12356510745891276 0.031983663943990666
4 0.8517762326169406 0.13207701283547257 0.031643489254108724 0.18914819136522754
4 0.8540391908975979 0.377561260210035 0.04218710493046776 0.2044574095682614