4 0.5777496839443742 0.17269544924154026 0.1934260429835651 0.026837806301050177
4 0.8097345132743363 0.176196032672112 0.2806573957016435 0.030338389731621937
1 0.24209860935524652 0.632438739789965 0.08343868520859671 0.07234539089848308
1 0.2225031605562579 0.20770128354725786 0.06447534766118837 0.07234539089848308
1 0.22629582806573956 0.15402567094515754 0.0632111251580278 0.07817969661610269
1 0.6921618204804045 0.47782963827304553 0.05436156763590392 0.044340723453908985
1 0.6927939317319848 0.43115519253208867 0.05562579013906448 0.040840140023337225
1 0.793299620733249 0.5624270711785297 0.07585335018963338 0.060676779463243874
1 0.7332490518331226 0.5641773628938156 0.07711757269279393 0.06651108518086347
1 0.7408343868520859 0.470828471411902 0.05815423514538559 0.047841306884480746
1 0.706700379266751 0.37864644107351225 0.06447534766118837 0.07117852975495916
2 0.48166877370417194 0.5116686114352392 0.9633375474083439 0.6872812135355892
0 0.606826801517067 0.4894982497082847 0.12389380530973451 0.06651108518086347
4 0.3672566371681416 0.8436406067677946 0.1731984829329962 0.0338389731621937
4 0.5897597977243995 0.8471411901983664 0.16940581542351454 0.03150525087514586
4 0.010745891276864728 0.7112018669778296 0.021491782553729456 0.11085180863477247
4 0.008217446270543615 0.6044340723453909 0.01643489254108723 0.11435239206534423
4 0.10176991150442478 0.17444574095682613 0.20353982300884957 0.029171528588098017
4 0.3672566371681416 0.17327887981330223 0.22123893805309736 0.038506417736289385