4 0.37772397094430993 0.0789980732177264 0.1033091202582728 0.02697495183044316
4 0.8894269572235673 0.7292870905587668 0.047619047619047616 0.030828516377649325
4 0.9378531073446328 0.5375722543352601 0.010492332526230832 0.10982658959537572
0 0.5907990314769975 0.3468208092485549 0.05811138014527845 0.1001926782273603
0 0.07102502017756256 0.46724470134874757 0.10573042776432606 0.1348747591522158
3 0.559322033898305 0.5867052023121387 0.11460855528652139 0.0789980732177264
3 0.07869249394673124 0.5895953757225434 0.11702986279257466 0.08670520231213873
3 0.17635189669087975 0.7784200385356455 0.062146892655367235 0.08670520231213873
2 0.7191283292978208 0.40655105973025046 0.43987086359967714 0.6685934489402697
2 0.24051654560129138 0.40655105973025046 0.4495560936238902 0.6589595375722543
1 0.7953995157384988 0.6290944123314065 0.03389830508474576 0.07707129094412331
1 0.8498789346246973 0.6252408477842004 0.03228410008071025 0.06551059730250482
1 0.5189669087974172 0.5115606936416185 0.03228410008071025 0.08092485549132948
1 0.3781275221953188 0.39980732177263967 0.03228410008071025 0.08285163776493257
1 0.34382566585956414 0.5703275529865125 0.03712671509281679 0.08285163776493257
1 0.2066182405165456 0.3236994219653179 0.03228410008071025 0.08092485549132948
1 0.1368038740920097 0.35741811175337185 0.03551251008878128 0.07707129094412331
1 0.13640032284100082 0.43641618497109824 0.033091202582728005 0.06551059730250482
1 0.17150928167877322 0.5722543352601156 0.03551251008878128 0.0905587668593449
1 0.1694915254237288 0.6657032755298651 0.03470540758676352 0.0905587668593449
4 0.8829701372074253 0.07707129094412331 0.03712671509281679 0.02697495183044316
4 0.8216303470540759 0.07803468208092486 0.037933817594834544 0.025048169556840076
4 0.6872477804681194 0.08188824662813102 0.04035512510088781 0.017341040462427744
4 0.5601291364003228 0.0789980732177264 0.042776432606941084 0.023121387283236993
4 0.20258272800645682 0.07996146435452794 0.07990314769975787 0.025048169556840076
4 0.08232445520581114 0.07803468208092486 0.0645682001614205 0.025048169556840076
4 0.018563357546408393 0.4682080924855491 0.012106537530266344 0.08863198458574181
4 0.2824858757062147 0.7283236994219653 0.07263922518159806 0.023121387283236993
4 0.39588377723970947 0.7292870905587668 0.07021791767554479 0.028901734104046242
4 0.46166263115415657 0.25722543352601157 0.011299435028248588 0.1676300578034682
4 0.5020177562550444 0.3815028901734104 0.011299435028248588 0.036608863198458574
4 0.5012106537530266 0.47591522157996147 0.008071025020177562 0.11560693641618497
4 0.7336561743341404 0.7292870905587668 0.048426150121065374 0.030828516377649325
4 0.7812752219531881 0.7283236994219653 0.04519774011299435 0.030828516377649325
4 0.8305084745762712 0.7254335260115607 0.04519774011299435 0.028901734104046242
1 0.9572235673930589 0.2023121387283237 0.053268765133171914 0.11368015414258188
1 0.9580306698950767 0.30732177263969174 0.05084745762711865 0.11368015414258188
1 0.7320419693301049 0.24855491329479767 0.037933817594834544 0.06936416184971098
1 0.6594027441485069 0.3227360308285164 0.03228410008071025 0.08863198458574181
1 0.5439870863599677 0.4190751445086705 0.02824858757062147 0.06551059730250482
1 0.5924132364810331 0.4190751445086705 0.029055690072639227 0.07707129094412331
1 0.6694915254237288 0.5346820809248555 0.03228410008071025 0.07129094412331406
1 0.7223567393058918 0.5211946050096339 0.03066989507667474 0.07707129094412331