4 0.6223809523809524 0.07915221579961464 0.10292171105730427 0.02655105973025048
4 0.11055286521388218 0.7291040462427746 0.04728813559322034 0.03154142581888247
4 0.06222356739305892 0.5373506743737957 0.010435835351089589 0.10957610789980732
0 0.40923728813559324 0.3472639691714836 0.057715899919289756 0.0996146435452794
0 0.9290556900726391 0.46762042389210023 0.10569814366424536 0.13447013487475917
3 0.4405286521388217 0.5863198458574181 0.1147457627118644 0.0796917148362235
3 0.9214043583535108 0.5896435452793833 0.1168361581920904 0.08633911368015415
3 0.8237005649717515 0.7789017341040463 0.06189669087974173 0.0863198458574181
2 0.2809281678773204 0.4061946050096339 0.439499596448749 0.6690366088631985
2 0.7593704600484261 0.40620423892100194 0.44923325262308317 0.6590751445086706
1 0.20478611783696532 0.6286608863198458 0.03407586763518967 0.07635838150289018
1 0.15019370460048426 0.6253371868978805 0.03199354317998386 0.06639691714836224
1 0.48121065375302663 0.5116184971098265 0.03199354317998386 0.08134874759152215
1 0.6216828087167071 0.3995568400770713 0.03198547215496368 0.08300578034682081
1 0.6561057304277644 0.5705587668593449 0.03686037126715093 0.08300578034682081
1 0.7934503631961259 0.32402697495183047 0.03198547215496368 0.08134874759152215
1 0.8633373688458433 0.35722543352601155 0.03547215496368039 0.07803468208092486
1 0.8636884584342213 0.4360886319845857 0.0333817594834544 0.06639691714836224
1 0.8285673930589185 0.5722157996146435 0.03547215496368039 0.08963391136801542
1 0.8303066989507667 0.6660211946050096 0.034769975786924937 0.0913102119460501
4 0.11716303470540758 0.07749518304431599 0.03686037126715093 0.02655105973025048
4 0.17835754640839385 0.07832369942196532 0.03824858757062147 0.02489402697495183
4 0.3129217110573043 0.08163776493256263 0.04033898305084745 0.018265895953757227
4 0.4398305084745762 0.07915221579961464 0.042421307506053274 0.02323699421965318
4 0.7972719935431799 0.07998073217726397 0.07996771589991929 0.02489402697495183
4 0.9175827280064568 0.07832369942196532 0.0646731234866828 0.02489402697495183
4 0.9815577078288942 0.4684585741811175 0.011815980629539952 0.08797687861271676
4 0.7176472962066182 0.7282658959537571 0.07232445520581114 0.02323699421965318
4 0.6039507667473769 0.7291040462427745 0.07024213075060533 0.028227360308285165
4 0.5382324455205811 0.25762042389210016 0.011121872477804681 0.16768786127167631
4 0.49789749798224375 0.38130057803468204 0.011129943502824858 0.03651252408477842
4 0.4985956416464891 0.47592485549132946 0.0083454398708636 0.11620423892100193
4 0.2663276836158192 0.7291040462427746 0.04868442292171106 0.03154142581888247
4 0.21869249394673126 0.7282755298651253 0.04519774011299435 0.029884393063583814
4 0.169317998385795 0.7257803468208093 0.04520581113801453 0.028208092485549133
1 0.04275221953188055 0.20201348747591522 0.05354317998385795 0.11289017341040464
1 0.04205811138014528 0.3074277456647399 0.05076674737691687 0.11454720616570328
1 0.26806698950766744 0.24848747591522158 0.03824858757062147 0.06973025048169557
1 0.34073849878934626 0.32236030828516377 0.03198547215496368 0.0879961464354528
1 0.4558272800645682 0.41865125240847784 0.02850686037126715 0.0647398843930636
1 0.40749394673123485 0.41865125240847784 0.0292090395480226 0.07803468208092486
1 0.3306537530266344 0.5348651252408477 0.03268765133171913 0.07138728323699421
1 0.277453591606134 0.5207514450867051 0.030597255851493137 0.0763776493256262