4 0.6763518966908797 0.791907514450867 0.011299435028248588 0.2466281310211946
0 0.5641646489104116 0.2832369942196532 0.041969330104923326 0.13872832369942195
3 0.463680387409201 0.3583815028901734 0.033091202582728005 0.27360308285163776
2 0.5387409200968523 0.2504816955684008 0.2800645682001614 0.5009633911368016
2 0.5391444713478611 0.7909441233140655 0.27602905569007263 0.41811175337186895
1 0.49515738498789347 0.45472061657032753 0.03389830508474576 0.07707129094412331
1 0.5419693301049233 0.7909441233140655 0.03470540758676352 0.07707129094412331
1 0.4705407586763519 0.8728323699421965 0.03470540758676352 0.08863198458574181
4 0.6751412429378532 0.052986512524084775 0.007263922518159807 0.09633911368015415
4 0.6763518966908797 0.35645472061657035 0.009685230024213076 0.10211946050096339
4 0.4043583535108959 0.9662813102119461 0.009685230024213076 0.0674373795761079
4 0.403954802259887 0.7485549132947977 0.012106537530266344 0.1676300578034682
4 0.6016949152542372 0.5915221579961464 0.07021791767554479 0.02697495183044316
4 0.549636803874092 0.4951830443159923 0.01533494753833737 0.02697495183044316
4 0.510088781275222 0.49710982658959535 0.048426150121065374 0.019267822736030827
1 0.5742534301856336 0.11946050096339114 0.03712671509281679 0.07707129094412331
1 0.5338983050847458 0.394990366088632 0.02744148506860371 0.0674373795761079
1 0.5338983050847458 0.279383429672447 0.03228410008071025 0.06936416184971098
1 0.4854721549636804 0.0953757225433526 0.02986279257465698 0.07707129094412331