2 0.5132075471698113 0.430327868852459 0.6364779874213836 0.860655737704918
4 0.44433962264150945 0.8524590163934426 0.11509433962264151 0.02384500745156483
1 0.6433962264150943 0.28986587183308493 0.057232704402515724 0.07228017883755589
1 0.6550314465408805 0.3561847988077496 0.06666666666666667 0.07078986587183309
1 0.6562893081761006 0.4534277198211624 0.059748427672955975 0.05961251862891207
1 0.6050314465408805 0.8826378539493294 0.07484276729559748 0.09463487332339791
1 0.4770440251572327 0.5409836065573771 0.0610062893081761 0.08494783904619971
1 0.17075471698113207 0.422876304023845 0.07044025157232704 0.08494783904619971
1 0.2330188679245283 0.4187779433681073 0.07044025157232704 0.08494783904619971
1 0.31446540880503143 0.3867362146050671 0.052830188679245285 0.07377049180327869
1 0.3745283018867924 0.3394187779433681 0.055345911949685536 0.07898658718330849
1 0.5751572327044026 0.2887481371087928 0.062264150943396226 0.08345752608047691
0 0.7512578616352201 0.342026825633383 0.15031446540880503 0.15350223546944858
0 0.27044025157232704 0.3226527570789866 0.13270440251572327 0.08867362146050671
4 0.6955974842767295 0.8524590163934426 0.13647798742138365 0.020864381520119227