2 0.4861635220125786 0.569672131147541 0.6364779874213836 0.860655737704918
4 0.5556603773584906 0.14754098360655737 0.11509433962264151 0.02384500745156483
1 0.35660377358490564 0.710134128166915 0.057232704402515724 0.07228017883755589
1 0.3449685534591195 0.6438152011922503 0.06666666666666667 0.07078986587183309
1 0.34371069182389935 0.5465722801788375 0.059748427672955975 0.05961251862891207
1 0.3949685534591195 0.11736214605067063 0.07484276729559748 0.09463487332339791
1 0.5229559748427673 0.45901639344262296 0.0610062893081761 0.08494783904619971
1 0.8292452830188679 0.577123695976155 0.07044025157232704 0.08494783904619971
1 0.7669811320754717 0.5812220566318927 0.07044025157232704 0.08494783904619971
1 0.6855345911949685 0.613263785394933 0.052830188679245285 0.07377049180327869
1 0.6254716981132076 0.660581222056632 0.055345911949685536 0.07898658718330849
1 0.4248427672955975 0.7112518628912071 0.062264150943396226 0.08345752608047691
0 0.24874213836477987 0.657973174366617 0.15031446540880503 0.15350223546944858
0 0.7295597484276729 0.6773472429210134 0.13270440251572327 0.08867362146050671
4 0.30440251572327043 0.14754098360655737 0.13647798742138365 0.020864381520119227