2 0.42765408805031446 0.4838785394932936 0.753748427672956 0.7538673621460507
4 0.055716981132075474 0.25586065573770495 0.022301886792452832 0.13073770491803277
4 0.05688993710691824 0.5312444113263786 0.02230817610062893 0.1418628912071535
4 0.06099685534591194 0.6932712369597616 0.023477987421383645 0.13769001490312965
4 0.7976132075471698 0.5660134128166915 0.019955974842767295 0.13630402384500745
1 0.3227641509433963 0.33024962742175856 0.0610125786163522 0.06811475409836065
1 0.3785377358490566 0.31635991058122204 0.059867924528301884 0.07927719821162445
1 0.4607075471698113 0.3149664679582712 0.05047169811320755 0.07093144560357675
1 0.8228490566037735 0.37546944858420267 0.07982389937106918 0.08901639344262295
1 0.5346635220125786 0.5270715350223546 0.07160377358490566 0.07232488822652758
1 0.4348836477987421 0.8900707898658717 0.07160377358490566 0.08345007451564829
1 0.43136163522012577 0.8163599105812219 0.07160377358490566 0.08345007451564829
1 0.4043616352201258 0.7196982116244411 0.062220125786163524 0.06258569299552906
1 0.36444968553459123 0.6487667660208644 0.06691194968553459 0.06537257824143071
1 0.32160062893081764 0.41093517138599106 0.07043396226415094 0.07371833084947839
0 0.36674528301886794 0.20230625931445603 0.12942767295597485 0.17783159463487333
0 0.35043081761006284 0.7718926974664678 0.0750503144654088 0.15721311475409835
4 0.7976132075471698 0.26837928464977645 0.01760377358490566 0.1613338301043219