4 0.0959297052154195 0.6376261682242991 0.04219954648526077 0.01252336448598131
4 0.07905895691609977 0.5416635514018691 0.011814058956916099 0.19054205607476635
4 0.11534013605442175 0.4484766355140187 0.07761904761904762 0.012504672897196263
1 0.171859410430839 0.5660000000000001 0.05569160997732426 0.05285981308411215
1 0.12967120181405897 0.5652990654205607 0.062426303854875284 0.051457943925233646
1 0.4308616780045352 0.7711495327102804 0.057369614512471655 0.05702803738317757
1 0.42917233560090706 0.8462523364485981 0.06074829931972789 0.05702803738317757
1 0.5481179138321995 0.7349906542056074 0.05569160997732426 0.045906542056074764
1 0.5936734693877551 0.6988317757009346 0.05569160997732426 0.051457943925233646
1 0.4207369614512471 0.5618317757009347 0.053990929705215414 0.03895327102803738
1 0.5582426303854875 0.5465327102803738 0.055668934240362816 0.04450467289719626
1 0.8163945578231292 0.4707289719626168 0.05569160997732426 0.04867289719626168
1 0.879671201814059 0.9095327102803739 0.07086167800453515 0.06119626168224299
1 0.8155555555555555 0.9109158878504674 0.06412698412698413 0.06119626168224299
1 0.7868707482993197 0.5931214953271028 0.047256235827664396 0.045906542056074764
1 0.784342403628118 0.5409626168224299 0.052312925170068025 0.05007476635514019
1 0.6620181405895691 0.5597476635514019 0.04049886621315193 0.037551401869158875
1 0.6206802721088436 0.5583457943925234 0.042176870748299324 0.037551401869158875
4 0.2359750566893424 0.3865794392523365 0.17380952380952383 0.01947663551401869
4 0.4848526077097505 0.387981308411215 0.09111111111111111 0.01947663551401869
4 0.14908163265306124 0.4762990654205608 0.013492063492063493 0.06257943925233644
4 0.15160997732426304 0.523588785046729 0.015192743764172336 0.04033644859813084
4 0.07989795918367347 0.6543271028037383 0.013492063492063493 0.037551401869158875
4 0.07651927437641723 0.6849158878504673 0.013492063492063493 0.026429906542056077
4 0.07736961451247167 0.7134299065420561 0.01854875283446712 0.036168224299065424
4 0.1988548752834467 0.8267757009345794 0.08605442176870749 0.018074766355140187
1 0.4823129251700681 0.1598785046728972 0.05904761904761904 0.04450467289719626
1 0.624047619047619 0.1800467289719626 0.06578231292517008 0.04869158878504673
1 0.6164512471655328 0.2252523364485981 0.053990929705215414 0.0417196261682243
4 0.32202947845804986 0.8260841121495327 0.07929705215419501 0.01669158878504673
4 0.5185827664399093 0.8260841121495328 0.037120181405895694 0.011121495327102804
4 0.6493537414965986 0.8288691588785047 0.07594104308390023 0.019457943925233645
3 0.463968253968254 0.660411214953271 0.050022675736961446 0.02964485981308411
3 0.3912698412698413 0.6526822429906542 0.09850340136054421 0.03994392523364486
3 0.47803854875283447 0.24030841121495328 0.04691609977324263 0.0734392523364486
2 0.5890362811791383 0.14881308411214955 0.37834467120181403 0.2667476635514019
2 0.5022675736961452 0.5934018691588786 0.8676643990929704 0.5837757009345794
0 0.5366666666666667 0.7892803738317756 0.07972789115646257 0.0734392523364486
0 0.677358276643991 0.23967289719626167 0.1047392290249433 0.06700934579439252
0 0.6679818594104308 0.6082149532710281 0.048480725623582764 0.06442990654205608
1 0.6898526077097507 0.4540373831775701 0.04891156462585034 0.04867289719626168
1 0.6965986394557823 0.49437383177570093 0.05569160997732426 0.04867289719626168
4 0.7016666666666667 0.8274766355140187 0.0354421768707483 0.013906542056074767
4 0.9226870748299321 0.8455607476635514 0.011814058956916099 0.05007476635514019
4 0.9252267573696146 0.6689252336448598 0.013492063492063493 0.05007476635514019
4 0.9243877551020409 0.714822429906542 0.011814058956916099 0.04728971962616822
4 0.9269160997732427 0.758626168224299 0.01687074829931973 0.04588785046728972
4 0.9235374149659865 0.8024485981308411 0.01687074829931973 0.04728971962616822
4 0.7691496598639456 0.46238317757009345 0.011814058956916099 0.02921495327102804
4 0.7708390022675737 0.6237196261682243 0.008435374149659865 0.02085981308411215
4 0.8914852607709751 0.3323457943925234 0.013492063492063493 0.06398130841121495
4 0.7733786848072562 0.23294392523364485 0.010113378684807255 0.03747663551401869
4 0.7227551020408164 0.022887850467289722 0.04047619047619048 0.018074766355140187
4 0.6898526077097507 0.020794392523364486 0.0354421768707483 0.01669158878504673
4 0.6569501133786847 0.022186915887850468 0.037120181405895694 0.013906542056074767
4 0.5531859410430838 0.022186915887850468 0.0354421768707483 0.013906542056074767
4 0.5202834467120181 0.019411214953271028 0.037120181405895694 0.01669158878504673
4 0.48990929705215425 0.02219626168224299 0.04049886621315193 0.01669158878504673
4 0.4561678004535148 0.02080373831775701 0.04049886621315193 0.013906542056074767
4 0.4047052154195011 0.1995233644859813 0.01857142857142857 0.043121495327102806
4 0.6004308390022675 0.38797196261682243 0.025306122448979593 0.01669158878504673
4 0.12967120181405895 0.6404112149532709 0.0354421768707483 0.015289719626168223