4 0.6666666666666666 0.8327102803738318 0.015873015873015872 0.03551401869158879
4 0.5510204081632653 0.8467289719626169 0.23129251700680273 0.009345794392523364
4 0.4376417233560091 0.8168224299065421 0.015873015873015872 0.06355140186915888
1 0.5804988662131519 0.7700934579439253 0.06349206349206349 0.04672897196261682
1 0.5793650793650794 0.805607476635514 0.06349206349206349 0.052336448598130844
1 0.828798185941043 0.5570093457943925 0.07029478458049887 0.04672897196261682
1 0.9195011337868481 0.5579439252336449 0.07029478458049887 0.05046728971962617
1 0.7845804988662132 0.46074766355140184 0.05668934240362812 0.04672897196261682
1 0.7414965986394558 0.4224299065420561 0.06349206349206349 0.04672897196261682
1 0.5748299319727891 0.5654205607476636 0.047619047619047616 0.044859813084112146
1 0.5566893424036281 0.4523364485981308 0.05442176870748299 0.04672897196261682
1 0.46485260770975056 0.23925233644859814 0.05895691609977324 0.04672897196261682
1 0.9795918367346939 0.18598130841121496 0.04081632653061224 0.05794392523364486
1 0.9807256235827665 0.23925233644859814 0.03854875283446712 0.052336448598130844
1 0.6133786848072562 0.2635514018691589 0.05668934240362812 0.03925233644859813
1 0.5498866213151927 0.26542056074766357 0.061224489795918366 0.04299065420560748
1 0.572562358276644 0.3663551401869159 0.045351473922902494 0.03364485981308411
1 0.5702947845804989 0.4009345794392523 0.045351473922902494 0.03551401869158879
4 0.36281179138321995 0.7177570093457943 0.022675736961451247 0.14392523364485982
4 0.36394557823129253 0.5121495327102804 0.022675736961451247 0.07476635514018691
4 0.47165532879818595 0.7897196261682243 0.07482993197278912 0.011214953271028037
4 0.528344671201814 0.7869158878504673 0.049886621315192746 0.013084112149532711
4 0.6870748299319728 0.8467289719626169 0.045351473922902494 0.011214953271028037
4 0.7244897959183674 0.8495327102803738 0.031746031746031744 0.011214953271028037
4 0.7585034013605442 0.8485981308411215 0.04308390022675737 0.014953271028037384
4 0.8968253968253969 0.7485981308411215 0.022675736961451247 0.07102803738317758
1 0.0873015873015873 0.5149532710280373 0.05442176870748299 0.048598130841121495
1 0.11224489795918367 0.3981308411214953 0.05895691609977324 0.05420560747663551
1 0.16666666666666666 0.40373831775700936 0.049886621315192746 0.044859813084112146
4 0.8956916099773242 0.6467289719626168 0.02040816326530612 0.06542056074766354
4 0.8956916099773242 0.4850467289719626 0.013605442176870748 0.029906542056074768
4 0.8990929705215419 0.3766355140186916 0.022675736961451247 0.0616822429906542
3 0.6950113378684807 0.5299065420560748 0.036281179138321996 0.041121495327102804
3 0.6848072562358276 0.5897196261682243 0.047619047619047616 0.08037383177570094
3 0.18480725623582767 0.5177570093457944 0.08843537414965986 0.03925233644859813
2 0.11791383219954649 0.4252336448598131 0.23582766439909297 0.3121495327102804
2 0.6133786848072562 0.4981308411214953 0.7074829931972789 0.7158878504672898
0 0.8514739229024944 0.4700934579439252 0.08843537414965986 0.06542056074766354
0 0.1836734693877551 0.3542056074766355 0.08163265306122448 0.08598130841121496
0 0.6315192743764172 0.3616822429906542 0.07709750566893424 0.03925233644859813
1 0.4444444444444444 0.34392523364485983 0.05895691609977324 0.041121495327102804
1 0.4931972789115646 0.3383177570093458 0.05895691609977324 0.04672897196261682
4 0.8968253968253969 0.3336448598130841 0.015873015873015872 0.029906542056074768
4 0.9195011337868481 0.15140186915887852 0.061224489795918366 0.009345794392523364
4 0.7052154195011338 0.14953271028037382 0.061224489795918366 0.011214953271028037
4 0.7607709750566893 0.15046728971962617 0.05668934240362812 0.009345794392523364
4 0.8140589569160998 0.14766355140186915 0.05668934240362812 0.013084112149532711
4 0.8673469387755102 0.15046728971962617 0.05668934240362812 0.013084112149532711
4 0.4546485260770975 0.27850467289719627 0.036281179138321996 0.009345794392523364
4 0.6496598639455783 0.2766355140186916 0.024943310657596373 0.007476635514018692
4 0.29705215419501135 0.17757009345794392 0.07709750566893424 0.011214953271028037
4 0.17573696145124718 0.27476635514018694 0.045351473922902494 0.007476635514018692
4 0.1349206349206349 0.5785046728971963 0.05215419501133787 0.014953271028037384
4 0.36394557823129253 0.41682242990654206 0.02040816326530612 0.020560747663551402
4 0.6700680272108843 0.805607476635514 0.018140589569160998 0.029906542056074768