4 0.3333333333333333 0.16728971962616823 0.015873015873015872 0.03551401869158879
4 0.4489795918367347 0.15327102803738318 0.23129251700680273 0.009345794392523364
4 0.562358276643991 0.18317757009345795 0.015873015873015872 0.06355140186915888
1 0.41950113378684806 0.22990654205607478 0.06349206349206349 0.04672897196261682
1 0.42063492063492064 0.19439252336448598 0.06349206349206349 0.052336448598130844
1 0.1712018140589569 0.44299065420560746 0.07029478458049887 0.04672897196261682
1 0.08049886621315193 0.44205607476635517 0.07029478458049887 0.05046728971962617
1 0.21541950113378686 0.5392523364485982 0.05668934240362812 0.04672897196261682
1 0.2585034013605442 0.577570093457944 0.06349206349206349 0.04672897196261682
1 0.42517006802721086 0.43457943925233644 0.047619047619047616 0.044859813084112146
1 0.4433106575963719 0.5476635514018692 0.05442176870748299 0.04672897196261682
1 0.5351473922902494 0.7607476635514019 0.05895691609977324 0.04672897196261682
1 0.02040816326530612 0.8121495327102803 0.04081632653061224 0.05794392523364486
1 0.01927437641723356 0.7588785046728972 0.03854875283446712 0.052336448598130844
1 0.3866213151927438 0.7364485981308411 0.05668934240362812 0.03925233644859813
1 0.4501133786848073 0.7345794392523365 0.061224489795918366 0.04299065420560748
1 0.427437641723356 0.6336448598130842 0.045351473922902494 0.03364485981308411
1 0.42970521541950113 0.5990654205607476 0.045351473922902494 0.03551401869158879
4 0.63718820861678 0.2822429906542056 0.022675736961451247 0.14392523364485982
4 0.6360544217687075 0.48785046728971965 0.022675736961451247 0.07476635514018691
4 0.528344671201814 0.2102803738317757 0.07482993197278912 0.011214953271028037
4 0.47165532879818595 0.2130841121495327 0.049886621315192746 0.013084112149532711
4 0.3129251700680272 0.15327102803738318 0.045351473922902494 0.011214953271028037
4 0.2755102040816326 0.15046728971962617 0.031746031746031744 0.011214953271028037
4 0.24149659863945577 0.15140186915887852 0.04308390022675737 0.014953271028037384
4 0.10317460317460317 0.2514018691588785 0.022675736961451247 0.07102803738317758
1 0.9126984126984127 0.4850467289719626 0.05442176870748299 0.048598130841121495
1 0.8877551020408163 0.6018691588785047 0.05895691609977324 0.05420560747663551
1 0.8333333333333334 0.5962616822429907 0.049886621315192746 0.044859813084112146
4 0.10430839002267574 0.3532710280373832 0.02040816326530612 0.06542056074766354
4 0.10430839002267574 0.5149532710280373 0.013605442176870748 0.029906542056074768
4 0.10090702947845805 0.6233644859813084 0.022675736961451247 0.0616822429906542
3 0.30498866213151926 0.4700934579439252 0.036281179138321996 0.041121495327102804
3 0.31519274376417233 0.4102803738317757 0.047619047619047616 0.08037383177570094
3 0.8151927437641724 0.4822429906542056 0.08843537414965986 0.03925233644859813
2 0.8820861678004536 0.5728971962616822 0.23582766439909297 0.3121495327102804
2 0.3866213151927438 0.5018691588785047 0.7074829931972789 0.7158878504672898
0 0.14852607709750568 0.5299065420560748 0.08843537414965986 0.06542056074766354
0 0.8163265306122449 0.6457943925233645 0.08163265306122448 0.08598130841121496
0 0.36848072562358275 0.6383177570093458 0.07709750566893424 0.03925233644859813
1 0.5555555555555556 0.6560747663551402 0.05895691609977324 0.041121495327102804
1 0.5068027210884354 0.6616822429906543 0.05895691609977324 0.04672897196261682
4 0.10317460317460317 0.6663551401869159 0.015873015873015872 0.029906542056074768
4 0.08049886621315193 0.8485981308411215 0.061224489795918366 0.009345794392523364
4 0.2947845804988662 0.8504672897196262 0.061224489795918366 0.011214953271028037
4 0.23922902494331066 0.8495327102803738 0.05668934240362812 0.009345794392523364
4 0.18594104308390022 0.8523364485981308 0.05668934240362812 0.013084112149532711
4 0.1326530612244898 0.8495327102803738 0.05668934240362812 0.013084112149532711
4 0.5453514739229025 0.7214953271028037 0.036281179138321996 0.009345794392523364
4 0.35034013605442177 0.7233644859813084 0.024943310657596373 0.007476635514018692
4 0.7029478458049887 0.822429906542056 0.07709750566893424 0.011214953271028037
4 0.8242630385487528 0.7252336448598131 0.045351473922902494 0.007476635514018692
4 0.8650793650793651 0.42149532710280374 0.05215419501133787 0.014953271028037384
4 0.6360544217687075 0.5831775700934579 0.02040816326530612 0.020560747663551402
4 0.3299319727891156 0.19439252336448598 0.018140589569160998 0.029906542056074768