3 0.418125 0.6516666666666666 0.045 0.028333333333333332
4 0.3375 0.7983333333333333 0.09125 0.025
4 0.6225 0.7991666666666667 0.0825 0.023333333333333334
4 0.6975 0.31083333333333335 0.0975 0.018333333333333333
4 0.58875 0.31 0.10625 0.021666666666666667
4 0.433125 0.31166666666666665 0.05875 0.021666666666666667
4 0.30625 0.30916666666666665 0.10875 0.023333333333333334
1 0.6975 0.7775 0.0425 0.06166666666666667
1 0.418125 0.8225 0.04875 0.07166666666666667
1 0.37 0.5658333333333333 0.0425 0.05
1 0.39 0.3308333333333333 0.0475 0.055
3 0.463125 0.6308333333333334 0.04125 0.08666666666666667
3 0.6975 0.7258333333333333 0.04 0.035
3 0.748125 0.6858333333333333 0.04375 0.12166666666666667
0 0.26625 0.58 0.05625 0.08166666666666667
0 0.55 0.6141666666666666 0.05875 0.15666666666666668
2 0.359375 0.5558333333333333 0.2625 0.5033333333333333
2 0.641875 0.5525 0.2625 0.505