3 0.41836249999999997 0.652025 0.04542500000000001 0.028350000000000004
4 0.33730625000000003 0.7982833333333332 0.09178750000000001 0.02503333333333333
4 0.6225999999999999 0.7989750000000001 0.0824 0.02365
4 0.6971875 0.31080833333333335 0.09805 0.018083333333333333
4 0.5887 0.3101083333333333 0.10640000000000001 0.02225
4 0.433275 0.31149166666666667 0.058425000000000005 0.02225
4 0.30601875 0.30940833333333334 0.10848750000000001 0.02365
1 0.69770625 0.7774166666666666 0.0427625 0.0612
1 0.41815 0.8226166666666668 0.049025 0.07093333333333333
1 0.37016875 0.5660166666666666 0.0427625 0.05006666666666666
1 0.3899875 0.33096666666666663 0.046950000000000006 0.05563333333333334
3 0.46281875 0.6307583333333334 0.0415625 0.08635000000000001
3 0.69719375 0.7261166666666667 0.0405875 0.0348
3 0.7479375 0.685525 0.0435 0.12115
0 0.2661375 0.5798500000000001 0.05605 0.08246666666666666
0 0.5498062499999999 0.614 0.0589625 0.15593333333333334
2 0.35940625 0.5560166666666667 0.2619125 0.5038666666666667
2 0.6416249999999999 0.5527916666666666 0.26192499999999996 0.50515