3 0.38625 0.3908333333333333 0.02125 0.06
4 0.27625 0.2833333333333333 0.01875 0.12166666666666667
4 0.275625 0.6633333333333333 0.0175 0.11
4 0.641875 0.7633333333333333 0.01375 0.13
4 0.6425 0.6183333333333333 0.01625 0.14166666666666666
4 0.64125 0.41083333333333333 0.01625 0.07833333333333334
4 0.643125 0.24166666666666667 0.0175 0.145
1 0.291875 0.7633333333333333 0.04625 0.056666666666666664
1 0.258125 0.3908333333333333 0.05375 0.065
1 0.450625 0.32666666666666666 0.0375 0.056666666666666664
1 0.626875 0.35333333333333333 0.04125 0.06333333333333334
3 0.401875 0.4508333333333333 0.065 0.055
3 0.330625 0.7633333333333333 0.02625 0.05333333333333334
3 0.360625 0.8308333333333333 0.09125 0.058333333333333334
0 0.44 0.18833333333333332 0.06125 0.075
0 0.414375 0.5666666666666667 0.1175 0.07833333333333334
2 0.458125 0.3125 0.3775 0.35
2 0.460625 0.6891666666666667 0.37875 0.35