4 0.28466796875 0.5989583333333334 0.01416015625 0.091796875
4 0.283203125 0.7272135416666666 0.01318359375 0.10677083333333333
1 0.37841796875 0.4186197916666667 0.03515625 0.048177083333333336
1 0.34765625 0.41796875 0.02978515625 0.052734375
1 0.22900390625 0.2688802083333333 0.0341796875 0.046875
1 0.267578125 0.2897135416666667 0.04248046875 0.052734375
2 0.53369140625 0.5013020833333334 0.50927734375 0.6751302083333334
1 0.58349609375 0.69140625 0.03857421875 0.048177083333333336
1 0.58447265625 0.6061197916666666 0.03857421875 0.051432291666666664
1 0.66845703125 0.39453125 0.04345703125 0.061197916666666664
1 0.54052734375 0.3046875 0.0361328125 0.048177083333333336
1 0.4384765625 0.2936197916666667 0.02783203125 0.045572916666666664
1 0.41015625 0.3411458333333333 0.0361328125 0.044270833333333336
4 0.78857421875 0.7493489583333334 0.0185546875 0.10416666666666667
1 0.298828125 0.287109375 0.04248046875 0.055338541666666664
4 0.283203125 0.3580729166666667 0.01123046875 0.09440104166666667
4 0.28369140625 0.4420572916666667 0.01416015625 0.08463541666666667
4 0.28466796875 0.517578125 0.01220703125 0.07877604166666667
4 0.7373046875 0.255859375 0.01416015625 0.115234375
4 0.736328125 0.533203125 0.01416015625 0.10546875
1 0.7509765625 0.3919270833333333 0.0478515625 0.059244791666666664
0 0.5458984375 0.7721354166666666 0.10107421875 0.11328125
2 0.18408203125 0.2506510416666667 0.0751953125 0.166015625
1 0.5166015625 0.6875 0.04052734375 0.049479166666666664
1 0.55224609375 0.7311197916666666 0.0361328125 0.046875