4 0.42578125 0.212890625 0.06884765625 0.018880208333333332
4 0.32958984375 0.2109375 0.080078125 0.017578125
1 0.56103515625 0.337890625 0.0361328125 0.046875
1 0.5615234375 0.296875 0.03955078125 0.039713541666666664
1 0.67333984375 0.138671875 0.03515625 0.045572916666666664
1 0.65771484375 0.19010416666666666 0.03955078125 0.056640625
2 0.4990234375 0.544921875 0.50634765625 0.6790364583333334
1 0.3564453125 0.611328125 0.0361328125 0.051432291666666664
1 0.42041015625 0.6126302083333334 0.03857421875 0.051432291666666664
1 0.5791015625 0.724609375 0.0458984375 0.057942708333333336
1 0.646484375 0.5540364583333334 0.0361328125 0.048177083333333336
1 0.65478515625 0.41796875 0.0341796875 0.037109375
1 0.619140625 0.3802083333333333 0.033203125 0.048177083333333336
4 0.31298828125 0.884765625 0.078125 0.024739583333333332
1 0.65966796875 0.23177083333333334 0.04150390625 0.056640625
4 0.6064453125 0.2109375 0.07080078125 0.014973958333333334
4 0.54345703125 0.21158854166666666 0.0634765625 0.018880208333333332
4 0.48681640625 0.212890625 0.05908203125 0.016276041666666668
4 0.68310546875 0.81640625 0.08642578125 0.018880208333333332
4 0.47509765625 0.8151041666666666 0.0791015625 0.018880208333333332
1 0.5810546875 0.8346354166666666 0.04443359375 0.06380208333333333
0 0.2958984375 0.5611979166666666 0.0849609375 0.134765625
2 0.68701171875 0.07877604166666667 0.12451171875 0.10026041666666667
1 0.359375 0.5221354166666666 0.037109375 0.054036458333333336
1 0.32666015625 0.5696614583333334 0.03515625 0.048177083333333336