1 0.72782874617737 0.6919753086419753 0.06269113149847094 0.06666666666666667
1 0.8409785932721713 0.2740740740740741 0.0672782874617737 0.0654320987654321
1 0.8432721712538226 0.22530864197530864 0.06269113149847094 0.056790123456790124
4 0.11162079510703364 0.2518518518518518 0.18960244648318042 0.02345679012345679
4 0.3654434250764526 0.25 0.18807339449541285 0.02345679012345679
4 0.6284403669724771 0.25 0.1819571865443425 0.02345679012345679
4 0.9380733944954128 0.24876543209876542 0.12385321100917432 0.018518518518518517
0 0.7110091743119266 0.7672839506172839 0.09938837920489296 0.12469135802469136
2 0.5 0.5512345679012346 1 0.6160493827160494
1 0.5412844036697247 0.7364197530864197 0.0672782874617737 0.050617283950617285
1 0.41284403669724773 0.6660493827160494 0.06880733944954129 0.056790123456790124
1 0.3532110091743119 0.6666666666666666 0.08103975535168195 0.05802469135802469
1 0.459480122324159 0.5376543209876543 0.07186544342507645 0.0728395061728395
1 0.7240061162079511 0.532716049382716 0.07339449541284404 0.06790123456790123
1 0.2782874617737003 0.5895061728395061 0.0764525993883792 0.056790123456790124
1 0.5764525993883792 0.691358024691358 0.06269113149847094 0.05925925925925926