1 0.27217125382262997 0.3080246913580247 0.06269113149847094 0.06666666666666667
1 0.15902140672782875 0.725925925925926 0.0672782874617737 0.0654320987654321
1 0.15672782874617738 0.7746913580246914 0.06269113149847094 0.056790123456790124
4 0.8883792048929664 0.7481481481481481 0.18960244648318042 0.02345679012345679
4 0.6345565749235474 0.75 0.18807339449541285 0.02345679012345679
4 0.37155963302752293 0.75 0.1819571865443425 0.02345679012345679
4 0.06116207951070336 0.7512345679012346 0.12232415902140673 0.018518518518518517
0 0.2889908256880734 0.23271604938271606 0.09938837920489296 0.12469135802469136
2 0.5 0.44753086419753085 1 0.6160493827160494
1 0.45871559633027525 0.26358024691358023 0.0672782874617737 0.050617283950617285
1 0.5871559633027523 0.3339506172839506 0.06880733944954129 0.056790123456790124
1 0.6467889908256881 0.3333333333333333 0.08103975535168195 0.05802469135802469
1 0.540519877675841 0.4623456790123457 0.07186544342507645 0.0728395061728395
1 0.2759938837920489 0.46728395061728395 0.07339449541284404 0.06790123456790123
1 0.7217125382262997 0.4104938271604938 0.0764525993883792 0.056790123456790124
1 0.4235474006116208 0.30864197530864196 0.06269113149847094 0.05925925925925926