2 0.5919452887537994 0.915684496826836 0.2993920972644377 0.1686310063463282
4 0.3290273556231003 0.8186763372620127 0.03343465045592705 0.022665457842248413
4 0.3057244174265451 0.6604714415231188 0.016210739614994935 0.16228467815049863
4 0.29128672745694023 0.40525838621940163 0.027862208713272545 0.05258386219401632
4 0.2765957446808511 0.26201269265639165 0.014184397163120567 0.21396192203082504
4 0.2920466058763931 0.12601994560290117 0.024822695035460994 0.04986400725294651
1 0.34397163120567376 0.03218495013599275 0.04660587639311044 0.0643699002719855
1 0.45972644376899696 0.5471441523118767 0.047619047619047616 0.0643699002719855
1 0.6598277608915907 0.6745240253853128 0.040526849037487336 0.08794197642792384
1 0.6063829787234043 0.6092475067996374 0.05065856129685917 0.07615593834995467
1 0.5648429584599798 0.6740707162284678 0.03596757852077001 0.08068902991840435
1 0.5129179331306991 0.727561196736174 0.04508611955420466 0.08794197642792384
1 0.5151975683890577 0.8490480507706256 0.04356636271529889 0.08884859474161379
1 0.5455927051671733 0.9365367180417045 0.04964539007092199 0.08340888485947416
2 0.5055724417426545 0.4129646418857661 0.47112462006079026 0.8259292837715322
0 0.5853596757852076 0.7579329102447869 0.07396149949341439 0.11332728921124206
0 0.6329787234042553 0.047597461468721666 0.041033434650455926 0.09519492293744333
4 0.7522796352583586 0.12466001813236627 0.034447821681864235 0.05530371713508613
4 0.7639311043566362 0.228921124206709 0.014184397163120567 0.15049864007252947
4 0.7522796352583586 0.33318223028105165 0.029381965552178316 0.0643699002719855
4 0.7370820668693009 0.5534904805077062 0.01165146909827761 0.1514052583862194
1 0.6661600810536981 0.027651858567543066 0.03951367781155015 0.05530371713508613
1 0.6790780141843972 0.07116953762466002 0.040526849037487336 0.09066183136899365