0 0.8758434650455927 0.3794514959202176 0.1281712259371834 0.21520398912058025
4 0.034483282674772034 0.4109519492293744 0.01088145896656535 0.12378966455122392
2 0.17306737588652482 0.33499546690843157 0.2837031408308004 0.5360834088848594
4 0.12191236068895643 0.6007978241160472 0.12823201621073962 0.027815049864007253
4 0.32202634245187434 0.8059428830462376 0.01243161094224924 0.059809610154125115
4 0.4102304964539007 0.8476699909338169 0.09092705167173253 0.029211242067089756
4 0.5528368794326242 0.8733998186763373 0.029533941236068895 0.05006346328195829
4 0.6328824721377913 0.8998232094288304 0.1196757852077001 0.025031731640979146
4 0.7090425531914893 0.8720081595648231 0.027973657548125634 0.04450589301903899
4 0.8260030395136778 0.7523980054397099 0.0847112462006079 0.025031731640979146
4 0.9425734549138803 0.6606029011786038 0.014761904761904763 0.13351767905711695
4 0.9417958459979736 0.37062103354487763 0.014766970618034447 0.08205802357207616
4 0.8539792299898682 0.08132819582955575 0.07849544072948328 0.029202175883952856
1 0.8225050658561297 0.34766545784224845 0.037299898682877405 0.058413417951042615
1 0.834161600810537 0.4707570262919311 0.038860182370820666 0.08483227561196735
1 0.7634422492401216 0.778821396192203 0.04041033434650456 0.08344514959202176
1 0.4735688956433637 0.5722846781504987 0.03574974670719351 0.08484134179510426
1 0.40245947315096253 0.21414777878513144 0.04896149949341439 0.07232094288304623
1 0.4389868287740628 0.30941976427923845 0.04274569402228977 0.09040797824116047
1 0.4028495440729483 0.38383046237533996 0.0450709219858156 0.06398005439709882
1 0.37293059777102333 0.47701722574796007 0.04896149949341439 0.08067089755213055
1 0.30492907801418445 0.47284224841341793 0.04973657548125634 0.07788757932910244
1 0.25597011144883486 0.4186038077969175 0.04663120567375886 0.08901178603807798
2 0.6313855116514691 0.4896328195829556 0.6271681864235056 0.8427833182230281
0 0.3559625126646403 0.3472348141432457 0.06336372847011144 0.13272892112420673
0 0.7685562310030395 0.26218495013599274 0.0849645390070922 0.07345421577515865
4 0.03642603850050659 0.2975974614687217 0.014766970618034447 0.12239347234814144
4 0.7098201621073961 0.048640072529465096 0.031089159067882472 0.06119673617407072
4 0.6515349544072948 0.027778785131459656 0.08393110435663627 0.02504079782411605
4 0.5932497467071935 0.048640072529465096 0.03574974670719351 0.0528558476881233
1 0.8337715298885512 0.2475339981867634 0.03808004052684904 0.07510426110607435
1 0.9573404255319149 0.19050317316409793 0.044295845997973655 0.07232094288304623
4 0.47007092198581557 0.07576155938349954 0.0847112462006079 0.02086128739800544
1 0.7665526849037488 0.20233000906618315 0.03574974670719351 0.07093381686310063
1 0.7397391084093212 0.17937896645512239 0.05051165146909827 0.07232094288304623