4 0.8323862433862435 0.5570907194994786 0.11996825396825397 0.03476538060479667
3 0.6170582010582011 0.4414233576642336 0.08761904761904761 0.05283628779979145
3 0.6177089947089948 0.39696558915537017 0.0863174603174603 0.041230448383733055
3 0.1371164021164021 0.4446454640250261 0.085005291005291 0.04639207507820647
0 0.5686719576719577 0.5090823774765381 0.06407407407407407 0.07989572471324297
0 0.2848888888888889 0.5116579770594369 0.051005291005291005 0.07989572471324297
2 0.751100529100529 0.4092075078206465 0.4550899470899471 0.4987069864442127
2 0.2691957671957672 0.4059906152241919 0.4564021164021164 0.510312825860271
1 0.9241269841269841 0.4256569343065693 0.046582010582010586 0.047288842544317
1 0.6841851851851852 0.5682168925964547 0.04940740740740741 0.04867570385818561
1 0.6700740740740742 0.5960323253388947 0.0493968253968254 0.03754953076120959
1 0.6206719576719576 0.48615745568300317 0.04657142857142857 0.043117831074035454
1 0.6933597883597884 0.14679874869655893 0.05364021164021164 0.0570177267987487
1 0.35179365079365077 0.1488842544316997 0.04798941798941799 0.05007299270072993
1 0.21276719576719577 0.14679874869655893 0.052222222222222225 0.054244004171011474
1 0.19371428571428573 0.34846715328467154 0.05081481481481482 0.045901981230448384
1 0.3122751322751323 0.3505526590198123 0.05646560846560846 0.05007299270072993
1 0.34756084656084657 0.44652241918665275 0.05645502645502646 0.05006256517205422
1 0.2847513227513227 0.44999999999999996 0.0493968253968254 0.04867570385818561
1 0.20712698412698413 0.48546402502606884 0.052222222222222225 0.0472784150156413
1 0.13302645502645505 0.5313607924921794 0.05362962962962963 0.05285714285714285
4 0.9036666666666667 0.16835245046923877 0.12985185185185186 0.022252346193952034
4 0.7829841269841271 0.16835766423357662 0.12844444444444444 0.025036496350364965
4 0.612910052910053 0.1676590198123045 0.11291005291005292 0.02920750782064651
4 0.42589417989417994 0.16210114702815434 0.10021164021164021 0.02363920750782065
4 0.28475661375661376 0.16627215849843588 0.10303703703703704 0.03477580813347237
4 0.12173544973544972 0.16279457768508865 0.0987936507936508 0.027820646506777895