4 0.44232804232804235 0.17257559958289886 0.03492063492063492 0.11783107403545359
3 0.5592592592592592 0.38477580813347234 0.05396825396825397 0.08654848800834203
3 0.6047619047619047 0.38425443169968715 0.042328042328042326 0.08550573514077164
3 0.5560846560846561 0.8576642335766423 0.04656084656084656 0.08342022940563086
0 0.491005291005291 0.43222106360792495 0.08148148148148149 0.06360792492179354
0 0.4883597883597884 0.7122002085505735 0.08148148148148149 0.05005213764337852
2 0.5920634920634921 0.2523461939520334 0.5058201058201058 0.4483837330552659
2 0.5952380952380952 0.7273201251303442 0.5174603174603175 0.4494264859228363
1 0.5756613756613757 0.08185610010427528 0.047619047619047616 0.045881126173096975
1 0.4306878306878307 0.31856100104275287 0.04973544973544974 0.049009384775808136
1 0.40264550264550264 0.33263816475495306 0.0380952380952381 0.049009384775808136
1 0.5142857142857142 0.381126173096976 0.04338624338624339 0.045881126173096975
1 0.8582010582010582 0.3096976016684046 0.0582010582010582 0.053180396246089674
1 0.8560846560846561 0.6459854014598541 0.050793650793650794 0.04692387904066736
1 0.8582010582010582 0.7831074035453598 0.05502645502645503 0.051094890510948905
1 0.653968253968254 0.8018769551616267 0.04656084656084656 0.05005213764337852
1 0.6518518518518519 0.6850886339937435 0.050793650793650794 0.05526590198123045
1 0.5544973544973545 0.6501564129301356 0.050793650793650794 0.05526590198123045
1 0.5507936507936508 0.7122002085505735 0.04973544973544974 0.049009384775808136
1 0.5148148148148148 0.7888425443169969 0.047619047619047616 0.051094890510948905
1 0.46825396825396826 0.8618352450469239 0.05396825396825397 0.053180396246089674
4 0.8365079365079365 0.10218978102189781 0.022222222222222223 0.12825860271115747
4 0.8365079365079365 0.2210636079249218 0.025396825396825397 0.1261730969760167
4 0.837037037037037 0.38894681960375393 0.02962962962962963 0.11157455683003129
4 0.8428571428571429 0.572992700729927 0.02433862433862434 0.09906152241918666
4 0.8386243386243386 0.7122002085505735 0.03492063492063492 0.10114702815432743
4 0.8423280423280424 0.872784150156413 0.02857142857142857 0.09697601668404589