1 0.4265625 0.4533333333333333 0.045625 0.07333333333333333
4 0.7409375 0.4395833333333333 0.015625 0.1075
4 0.316875 0.3525 0.016875 0.11166666666666666
4 0.318125 0.6945833333333333 0.0125 0.0975
4 0.3915625 0.78875 0.08875 0.023333333333333334
1 0.5234375 0.58625 0.045625 0.0725
1 0.6475 0.33791666666666664 0.04375 0.06833333333333333
1 0.6175 0.27666666666666667 0.051875 0.0625
1 0.546875 0.2733333333333333 0.053125 0.060833333333333336
1 0.478125 0.7245833333333334 0.046875 0.05416666666666667
1 0.7578125 0.26375 0.04875 0.058333333333333334
4 0.741875 0.72 0.0175 0.08916666666666667
4 0.59375 0.7870833333333334 0.03875 0.020833333333333332
1 0.30125 0.5195833333333333 0.054375 0.0725
1 0.7578125 0.5666666666666667 0.05125 0.06666666666666667
2 0.5290625 0.48375 0.43125 0.6225
0 0.5134375 0.62875 0.065625 0.12333333333333334
4 0.7403125 0.6375 0.016875 0.08333333333333333
1 0.4378125 0.5883333333333334 0.04375 0.065