1 0.5348937500000001 0.5980291666666666 0.055287499999999996 0.06119166666666667
4 0.545321875 0.17869583333333333 0.08031875 0.020858333333333333
4 0.610625 0.7440666666666667 0.08345000000000001 0.02225
4 0.35401562499999994 0.7426750000000001 0.07301875 0.01668333333333333
4 0.283503125 0.6446208333333334 0.01773125 0.11822500000000001
1 0.435328125 0.4686833333333334 0.05434375 0.0612
1 0.621575 0.30317500000000003 0.0511125 0.058416666666666665
1 0.6674187500000001 0.34351250000000005 0.0468375 0.06954166666666667
1 0.6700281250000001 0.4373916666666667 0.045793749999999994 0.07093333333333333
1 0.33153750000000004 0.5291833333333333 0.040575 0.06258333333333332
1 0.677278125 0.15644166666666665 0.043806250000000005 0.06536666666666667
4 0.33513437500000004 0.17730416666666668 0.06675625 0.02364166666666667
4 0.28454375 0.37480416666666666 0.01565 0.051458333333333335
1 0.48534374999999996 0.7649291666666667 0.0542375 0.072325
1 0.44987812499999996 0.15644166666666667 0.05006875 0.06815
2 0.5120812499999999 0.4613833333333334 0.46681249999999996 0.57475
0 0.40335 0.48200416666666673 0.09278750000000001 0.08762500000000001
4 0.39678125000000003 0.17939166666666664 0.0625875 0.02225
1 0.43370937500000006 0.5827333333333333 0.04903125 0.058416666666666665