4 0.2916666666666667 0.16444444444444445 0.023333333333333334 0.23333333333333334
4 0.29 0.5111111111111111 0.018333333333333333 0.11333333333333333
1 0.385 0.38666666666666666 0.07166666666666667 0.10444444444444445
1 0.2625 0.32666666666666666 0.09 0.10222222222222223
1 0.6108333333333333 0.5033333333333333 0.06666666666666667 0.08444444444444445
1 0.5583333333333333 0.6944444444444444 0.08166666666666667 0.10444444444444445
2 0.5025 0.5 0.43166666666666664 0.9955555555555555
0 0.5308333333333334 0.5288888888888889 0.11333333333333333 0.20222222222222222
1 0.6583333333333333 0.7166666666666667 0.06 0.07333333333333333
1 0.68 0.4822222222222222 0.08333333333333333 0.10222222222222223
1 0.7458333333333333 0.48 0.08166666666666667 0.10666666666666667
4 0.29 0.8122222222222222 0.021666666666666667 0.21555555555555556