4 0.7519333333333332 0.22177777777777777 0.1742 0.032
4 0.4916833333333334 0.22037777777777776 0.08553333333333334 0.023644444444444447
1 0.5850333333333333 0.34624444444444447 0.07823333333333334 0.09457777777777779
1 0.6298916666666666 0.18283333333333335 0.07615 0.12100000000000001
1 0.4974166666666667 0.6480666666666667 0.06363333333333333 0.08902222222222222
1 0.3545166666666667 0.5778222222222222 0.07823333333333334 0.10986666666666667
2 0.49995000000000006 0.503211111111111 0.7461333333333333 0.5760222222222222
0 0.47820833333333335 0.5412222222222223 0.15175 0.15204444444444445
1 0.33730000000000004 0.7106444444444444 0.054233333333333335 0.08066666666666666
1 0.5135833333333334 0.7398555555555556 0.0772 0.11126666666666667
1 0.5146250000000001 0.8274777777777778 0.07928333333333333 0.10846666666666667
4 0.26584166666666664 0.21968888888888888 0.16168333333333335 0.02782222222222222