4 0.7516666666666667 0.2222222222222222 0.175 0.03111111111111111
4 0.49166666666666664 0.22 0.085 0.024444444444444446
1 0.585 0.3466666666666667 0.07833333333333334 0.09555555555555556
1 0.63 0.18333333333333332 0.07666666666666666 0.12
1 0.4975 0.6477777777777778 0.06333333333333334 0.08888888888888889
1 0.3541666666666667 0.5777777777777777 0.07833333333333334 0.10888888888888888
2 0.5 0.5033333333333333 0.7466666666666667 0.5755555555555556
0 0.47833333333333333 0.5411111111111111 0.15166666666666667 0.1511111111111111
1 0.3375 0.7111111111111111 0.055 0.08
1 0.5133333333333333 0.74 0.07666666666666666 0.1111111111111111
1 0.515 0.8277777777777777 0.08 0.10888888888888888
4 0.2658333333333333 0.22 0.16166666666666665 0.028888888888888888