2 0.5919395465994962 0.302713987473904 0.4836272040302267 0.33402922755741127
3 0.6070528967254408 0.5720250521920668 0.05037783375314862 0.06263048016701461
3 0.5869017632241813 0.18580375782881003 0.08816120906801007 0.09812108559498957
0 0.4193954659949622 0.27139874739039666 0.12342569269521411 0.07933194154488518
0 0.4987405541561713 0.6022964509394572 0.07808564231738035 0.04592901878914405
1 0.5566750629722922 0.3987473903966597 0.05289672544080604 0.04384133611691023
2 0.5188916876574308 0.6597077244258872 0.6347607052896725 0.33820459290187893
4 0.5793450881612091 0.826722338204593 0.08312342569269521 0.014613778705636743
4 0.7204030226700252 0.8256784968684759 0.10075566750629723 0.025052192066805846
4 0.3602015113350126 0.6315240083507306 0.020151133501259445 0.018789144050104383
4 0.3602015113350126 0.7724425887265136 0.020151133501259445 0.07306889352818371
4 0.35642317380352645 0.38413361169102295 0.020151133501259445 0.11064718162839249
4 0.35516372795969775 0.2567849686847599 0.022670025188916875 0.04175365344467641
4 0.353904282115869 0.19206680584551147 0.022670025188916875 0.08350730688935282
4 0.827455919395466 0.19624217118997914 0.022670025188916875 0.10855949895615867
4 0.8261964735516373 0.38308977035490605 0.022670025188916875 0.1419624217118998
4 0.8312342569269522 0.5553235908141962 0.020151133501259445 0.11064718162839249
4 0.8261964735516373 0.7421711899791231 0.027707808564231738 0.14822546972860126
1 0.2518891687657431 0.5970772442588727 0.05289672544080604 0.04384133611691023
1 0.34005037783375314 0.6597077244258872 0.05037783375314862 0.04175365344467641
1 0.43828715365239296 0.5553235908141962 0.05289672544080604 0.03549060542797495
1 0.4156171284634761 0.6346555323590815 0.05037783375314862 0.04384133611691023
1 0.4811083123425693 0.6325678496868476 0.05289672544080604 0.04801670146137787
1 0.5591939546599496 0.6096033402922756 0.04534005037783375 0.04801670146137787
1 0.5050377833753149 0.2849686847599165 0.05289672544080604 0.03549060542797495
1 0.5075566750629723 0.33194154488517746 0.05037783375314862 0.04801670146137787
1 0.8476070528967254 0.6555323590814196 0.05289672544080604 0.04384133611691023
1 0.845088161209068 0.29331941544885176 0.05289672544080604 0.037578288100208766
1 0.6523929471032746 0.27035490605427975 0.055415617128463476 0.04175365344467641
1 0.5138539042821159 0.22233820459290188 0.05793450881612091 0.04384133611691023