2 0.7379219143576827 0.42332985386221295 0.4042569269521411 0.4007724425887265
3 0.41295969773299745 0.4110751565762004 0.07463476070528967 0.04123173277661795
3 0.8794080604534005 0.427839248434238 0.11816120906801007 0.07217118997912317
0 0.7752392947103274 0.5663674321503132 0.09642317380352645 0.10179540709812109
0 0.37642317380352647 0.501294363256785 0.054408060453400506 0.06442588726513569
1 0.6225566750629723 0.4527035490605428 0.05367758186397985 0.04311064718162839
2 0.3072292191435768 0.48389352818371606 0.4073551637279597 0.5270772442588727
4 0.10569269521410579 0.43391440501043843 0.01677581863979849 0.06954070981210857
4 0.10738035264483628 0.3170876826722338 0.030226700251889168 0.0834446764091858
4 0.34139798488664985 0.6161169102296451 0.02198992443324937 0.016701461377870562
4 0.1711460957178841 0.6161169102296451 0.08727959697732997 0.016701461377870562
4 0.6393324937027708 0.6189039665970772 0.13423173803526448 0.016680584551148226
4 0.7937153652392948 0.6196033402922755 0.05035264483627204 0.018079331941544884
4 0.870919395465995 0.6209812108559498 0.10068010075566751 0.018079331941544884
4 0.86588161209068 0.22876826722338203 0.13090680100755667 0.018079331941544884
4 0.6410201511335012 0.22946764091858038 0.17115869017632243 0.019478079331941546
4 0.4337657430730478 0.2253027139874739 0.1325692695214106 0.016701461377870562
4 0.20806045340050378 0.2301670146137787 0.17788413098236777 0.02363256784968685
1 0.3825944584382871 0.7051356993736952 0.053702770780856425 0.04450939457202505
1 0.30707808564231737 0.6328079331941545 0.05032745591939547 0.04173277661795407
1 0.4329219143576826 0.5507515657620041 0.0436272040302267 0.04450939457202505
1 0.33812342569269516 0.5702192066805846 0.052015113350125944 0.04173277661795407
1 0.3397984886649874 0.51598121085595 0.058740554156171285 0.044488517745302714
1 0.3683249370277078 0.45130480167014614 0.05871536523929471 0.03755741127348643
1 0.7593198992443325 0.49581419624217116 0.041964735516372795 0.04311064718162839
1 0.7031108312342569 0.49372651356993735 0.0570528967254408 0.04173277661795407
1 0.31294710327455916 0.21207724425887267 0.05204030226700252 0.04311064718162839
1 0.749256926952141 0.21417536534446766 0.04531486146095717 0.04450939457202505
1 0.7769395465994962 0.37342379958246347 0.05035264483627204 0.04588726513569937
1 0.834823677581864 0.4881628392484343 0.052015113350125944 0.04730688935281837