1 0.6521230398069964 0.2733569868995633 0.052255729794933654 0.09597161572052401
0 0.9029131483715319 0.4317194323144105 0.10536791314837153 0.16752183406113536
2 0.4999517490952956 0.5032423580786026 0.9597104945717733 0.8904585152838428
4 0.30557901085645356 0.5995032751091702 0.03226779252110977 0.07509825327510918
1 0.7758323281061521 0.5362227074235808 0.09067551266586249 0.06537117903930131
1 0.8326899879372739 0.44998362445414847 0.04455971049457177 0.06258733624454148
1 0.16112183353437876 0.9430349344978165 0.08144752714113389 0.06397379912663756
1 0.361670687575392 0.7371943231441048 0.07991556091676719 0.050065502183406115
1 0.2948190591073583 0.8032587336244541 0.050723763570566946 0.09040393013100437
1 0.2955850422195416 0.45625 0.046103739445114596 0.08066593886462882
4 0.19108564535585043 0.3185534934497816 0.19978287092882993 0.0389410480349345
4 0.02972255729794934 0.4374727074235808 0.046103739445114596 0.1126528384279476
4 0.0312605548854041 0.5988045851528384 0.039963811821471656 0.20444323144104803
4 0.028956574185765985 0.8102128820960698 0.044571773220747894 0.20167030567685587
4 0.23872738238841978 0.9305185589519651 0.06761158021712907 0.03616812227074236
4 0.4039324487334138 0.9353820960698689 0.12448733413751509 0.04589519650655022
4 0.5745114595898673 0.9312117903930132 0.12139927623642943 0.040327510917030567
4 0.8142521109770808 0.07655567685589519 0.1183232810615199 0.03616812227074236
4 0.4930639324487334 0.07237991266375546 0.12448733413751509 0.038951965065502185
4 0.3063449939686369 0.207985807860262 0.03995174909529554 0.1126528384279476