1 0.6519903498190591 0.27347161572052403 0.05186972255729795 0.09606986899563319
0 0.9028950542822678 0.4317685589519651 0.10494571773220748 0.16703056768558952
2 0.5 0.5032751091703057 0.9601930036188179 0.8908296943231441
4 0.3057901085645356 0.5993449781659389 0.032569360675512665 0.07532751091703056
1 0.7756332931242461 0.5360262008733624 0.09047044632086852 0.06550218340611354
1 0.8329312424607962 0.4497816593886463 0.04463208685162847 0.06222707423580786
1 0.16103739445114595 0.9432314410480349 0.08202653799758745 0.06441048034934498
1 0.3618817852834741 0.7374454148471615 0.07961399276236429 0.05021834061135371
1 0.29493365500603136 0.8034934497816594 0.05066344993968637 0.0906113537117904
1 0.2955367913148372 0.45633187772925765 0.045838359469240045 0.08078602620087336
4 0.19119420989143546 0.31877729257641924 0.20024125452352232 0.039301310043668124
4 0.029553679131483716 0.43722707423580787 0.045838359469240045 0.11244541484716157
4 0.031363088057901084 0.5987991266375546 0.039806996381182146 0.20414847161572053
4 0.028950542822677925 0.8100436681222707 0.04463208685162847 0.2019650655021834
4 0.2388419782870929 0.9306768558951966 0.06755126658624849 0.036026200873362446
4 0.4041013268998794 0.9355895196506551 0.12424607961399277 0.04585152838427948
4 0.5747889022919179 0.9312227074235808 0.1218335343787696 0.04039301310043668
4 0.8142340168878166 0.07641921397379912 0.11821471652593486 0.036026200873362446
4 0.49336550060313633 0.07259825327510917 0.12424607961399277 0.039301310043668124
4 0.30639324487334135 0.20796943231441048 0.039806996381182146 0.11244541484716157