1 0.24969843184559712 0.3624454148471616 0.10615199034981906 0.04694323144104803
0 0.42460796139927626 0.13537117903930132 0.18455971049457176 0.09497816593886463
2 0.5036188178528347 0.5 0.9843184559710495 0.868995633187773
4 0.6097708082026538 0.675764192139738 0.08323281061519903 0.02947598253275109
1 0.5398069963811821 0.25054585152838427 0.07237635705669482 0.08187772925764192
1 0.4445114595898673 0.19868995633187772 0.06875753920386007 0.04039301310043668
1 0.97708082026538 0.8067685589519651 0.045838359469240045 0.07423580786026202
1 0.7623642943305187 0.625 0.05548854041013269 0.07205240174672489
1 0.8353437876960192 0.6855895196506551 0.10012062726176116 0.04585152838427948
1 0.4517490952955368 0.6850436681222707 0.08926417370325694 0.04148471615720524
4 0.2997587454764777 0.7794759825327511 0.04342581423401689 0.1812227074235808
4 0.43063932448733416 0.925764192139738 0.12424607961399277 0.04148471615720524
4 0.609167671893848 0.9241266375545851 0.2255729794933655 0.036026200873362446
4 0.8425814234016887 0.9263100436681223 0.22316043425814233 0.04039301310043668
4 0.9758745476477684 0.736353711790393 0.039806996381182146 0.0611353711790393
4 0.9776839565741857 0.5867903930131004 0.04463208685162847 0.11244541484716157
4 0.9764776839565742 0.43231441048034935 0.04463208685162847 0.11026200873362445
4 0.031966224366706875 0.21561135371179038 0.039806996381182146 0.10698689956331878
4 0.027744270205066344 0.5065502183406113 0.04342581423401689 0.11244541484716157
4 0.1773220747889023 0.6752183406113537 0.12424607961399277 0.036026200873362446