0 0.24902636309167167 0.6515582371458553 0.05400239664469742 0.10431269674711437
0 0.7326692630317556 0.6418205666316894 0.05082684242061114 0.12378803777544596
2 0.7433912522468544 0.5034365162644281 0.45187537447573395 0.5785834207764953
3 0.781509886159377 0.6717261280167891 0.037327741162372675 0.07789087093389298
3 0.735449370880767 0.7461332633788038 0.05638705811863391 0.07371458551941239
3 0.6842240862792092 0.6849370409233998 0.04129418813660875 0.043116474291710394
3 0.2506141402037148 0.7419622245540398 0.05559616536848413 0.07928646379853095
3 0.30024865188735766 0.6487775445960126 0.045266626722588375 0.1154354669464848
2 0.25974535650089875 0.5027387198321092 0.4582324745356501 0.5771878279118572
4 0.15213900539245057 0.22387722980062957 0.06988615937687238 0.0333788037775446
4 0.2978639904134212 0.22248688352570828 0.024619532654284005 0.025036726128016787
4 0.6425314559616537 0.22249213011542496 0.06591372079089275 0.0389401888772298
4 0.7596704613541042 0.22318467995802727 0.07465548232474535 0.03476390346274921
4 0.8835560215698023 0.22387722980062957 0.07147393648891552 0.0333788037775446
4 0.8934871180347513 0.784386149003148 0.06750149790293589 0.0361594963273872
4 0.8184391851408029 0.7857764952780693 0.03335530257639305 0.027817418677859394
4 0.7382264829239066 0.7795173137460651 0.06194128220491312 0.0208604407135362
4 0.5230107849011384 0.6348688352570828 0.015883762732174955 0.12656873032528856
1 0.0647813061713601 0.1925865687303253 0.04606351108448172 0.08483735571878279
1 0.2692750149790294 0.1981479538300105 0.04367884961054524 0.07927597061909758
1 0.36298681845416414 0.1877229800629591 0.05321150389454764 0.11126967471143757
1 0.4138136608747753 0.18354669464847848 0.05479328939484721 0.1029171038824764
1 0.5928969442780108 0.19120146904512067 0.04447573397243859 0.07371458551941239
1 0.6889904134212103 0.46379853095487933 0.04447573397243859 0.07093389296956977
1 0.8371000599161175 0.4631007345225603 0.03890952666267226 0.0695383001049318
1 0.5928969442780109 0.252392444910808 0.03812462552426603 0.06814270724029381
1 0.6306201318154584 0.4651888772298006 0.045266626722588375 0.07092339979013641
1 0.2684841222288796 0.29828961175236096 0.04050329538645896 0.07093389296956977
1 0.2541881366087478 0.4874396642182582 0.04685440383463152 0.07093389296956977
1 0.05644098262432594 0.4568415529905561 0.04050329538645896 0.07093389296956977
1 0.1985979628520072 0.5465529905561385 0.04050329538645896 0.08066107030430221
1 0.2581575793888556 0.584102833158447 0.03414619532654284 0.0667576075550892
1 0.3459137207908928 0.6021825813221406 0.04446974236069503 0.0778803777544596
1 0.12751947273816658 0.7266631689401889 0.038118633912522466 0.05981112277019937
1 0.6457100059916117 0.5305613850996852 0.04685440383463152 0.07371458551941239
1 0.686210305572199 0.6140083945435467 0.0404973037747154 0.08761804826862539
1 0.7421989215098862 0.6000996852046171 0.03176752546434991 0.06259181532004197
1 0.8212162971839425 0.6035729275970619 0.0325584182144997 0.058415529905561384
1 0.8708508088675854 0.5319464847848899 0.04606351108448172 0.06815320041972718
1 0.6881965248651887 0.8128908709338929 0.04446974236069503 0.08483735571878279