0 0.5865787896944278 0.06033578174186779 0.059316956261234274 0.0944386149003148
0 0.5808867585380467 0.9076600209863589 0.07070101857399641 0.08919202518363065
2 0.5017974835230677 0.7649527806925498 0.3301378070701019 0.4700944386149003
3 0.5979628520071899 0.9800629590766002 0.044337926902336726 0.03987408184679958
3 0.640503295386459 0.9123819517313746 0.041941282204913125 0.09863588667366212
3 0.6054523666866387 0.8226652675760755 0.02456560814859197 0.07240293809024134
3 0.6381066506890354 0.06348373557187828 0.04553624925104853 0.09758656873032528
3 0.5850808867585381 0.15005246589716684 0.0659077291791492 0.07974816369359916
2 0.5014979029358898 0.2402938090241343 0.32953864589574594 0.4805876180482686
4 0.341521869382864 0.1458551941238195 0.014379868184541641 0.04302203567681007
4 0.341521869382864 0.7497376705141658 0.022168963451168363 0.11542497376705142
4 0.34182144997004194 0.944386149003148 0.019772318753744758 0.11122770199370409
4 0.6596764529658478 0.9171038824763903 0.011983223487118035 0.1080797481636936
4 0.5769922109047334 0.540398740818468 0.07249850209706411 0.02833158447009444
1 0.32774116237267825 0.09601259181532004 0.04553624925104853 0.07660020986358866
1 0.32174955062911925 0.2602308499475341 0.06351108448172559 0.09338929695697797
1 0.31935290593169563 0.34889821615949634 0.05871779508687837 0.09548793284365163
1 0.32354703415218694 0.6626442812172089 0.041941282204913125 0.0776495278069255
1 0.4793289394847214 0.8310598111227702 0.04074295985620132 0.0776495278069255
1 0.3585979628520072 0.6626442812172089 0.03894547633313361 0.06715634837355719
1 0.48022768124625526 0.7287513116474291 0.04074295985620132 0.07974816369359916
1 0.38496105452366686 0.0944386149003148 0.04074295985620132 0.07135362014690451
1 0.4928100659077292 0.06925498426023086 0.04074295985620132 0.08184679958027283
1 0.5479328939484721 0.07660020986358866 0.03834631515877771 0.05981112277019937
1 0.5584182144997004 0.23032528856243442 0.044337926902336726 0.0776495278069255
1 0.5173756740563211 0.75498426023085 0.041941282204913125 0.08184679958027283
1 0.5650089874176153 0.8263378803777545 0.05032953864589575 0.07135362014690451
1 0.5572198921509887 0.9239244491080797 0.035949670461354104 0.055613850996852045
1 0.6785500299580587 0.829485834207765 0.048532055122828044 0.0776495278069255