0 0.7510485320551228 0.6516264428121721 0.05392450569203116 0.10388247639034627
0 0.26722588376273215 0.6416579223504721 0.050928699820251645 0.12381951731374606
2 0.2567405632115039 0.5036726128016789 0.4517675254643499 0.5781741867785939
3 0.21839424805272617 0.6715634837355718 0.03714799281006591 0.0776495278069255
3 0.2645296584781306 0.7460650577124869 0.05632115038945476 0.07345225603357818
3 0.3157579388855602 0.6846799580272823 0.04134212103055722 0.04302203567681007
3 0.7492510485320552 0.7418677859391396 0.05572198921509886 0.07974816369359916
3 0.6998202516476932 0.64900314795383 0.04553624925104853 0.11542497376705142
2 0.7402636309167165 0.5026232948583421 0.45835829838226483 0.577124868835257
4 0.8478130617136009 0.22402938090241342 0.0701018573996405 0.033578174186778595
4 0.7022168963451169 0.22245540398740818 0.02456560814859197 0.025183630640083946
4 0.35739964050329537 0.22245540398740818 0.0659077291791492 0.03882476390346275
4 0.2402636309167166 0.2229800629590766 0.07489514679448772 0.03462749213011543
4 0.1165368484122229 0.22402938090241342 0.0713001797483523 0.033578174186778595
4 0.10665068903535051 0.7843651626442812 0.0677052127022169 0.035676810073452254
4 0.18154583582983821 0.7859391395592865 0.033553025763930495 0.02833158447009444
4 0.2618334331935291 0.7796432318992654 0.061713600958657876 0.02098635886673662
4 0.47693229478729776 0.6348373557187827 0.016177351707609346 0.12696747114375656
1 0.9352905931695626 0.1925498426023085 0.046135410425404436 0.08499475341028331
1 0.7306770521270222 0.19832109129066108 0.04373876572798083 0.07974816369359916
1 0.6369083283403235 0.18782791185729275 0.053325344517675254 0.11122770199370409
1 0.5862792091072498 0.18363064008394545 0.05452366686638706 0.10283315844700944
1 0.4071300179748352 0.19097586568730326 0.044337926902336726 0.07345225603357818
1 0.310964649490713 0.46379853095487933 0.044337926902336726 0.07135362014690451
1 0.16297183942480528 0.4632738719832109 0.03894547633313361 0.06925498426023086
1 0.4071300179748352 0.25236096537250785 0.03834631515877771 0.06820566631689402
1 0.3693828639904134 0.4653725078698846 0.04553624925104853 0.07135362014690451
1 0.731575793888556 0.29853095487932846 0.04074295985620132 0.07135362014690451
1 0.7459556620730977 0.487408184679958 0.046734571599760334 0.07135362014690451
1 0.9436788496105453 0.45697796432318993 0.04074295985620132 0.07135362014690451
1 0.8013780707010185 0.546694648478489 0.04074295985620132 0.080797481636936
1 0.7417615338526063 0.5839454354669464 0.0341521869382864 0.06715634837355719
1 0.6539844218094667 0.602308499475341 0.044337926902336726 0.0776495278069255
1 0.8723786698621929 0.7266526757607555 0.03834631515877771 0.05981112277019937
1 0.35440383463151587 0.5304302203567681 0.046734571599760334 0.07345225603357818
1 0.31366087477531457 0.6138509968520461 0.04074295985620132 0.08814270724029381
1 0.2579388855602157 0.6002098635886673 0.03175554224086279 0.06295907660020986
1 0.17884961054523668 0.6033578174186779 0.03235470341521869 0.05876180482686254
1 0.12911923307369683 0.5320041972717734 0.046135410425404436 0.06820566631689402
1 0.3118633912522469 0.8126967471143757 0.044337926902336726 0.08499475341028331