1 0.6611642050390965 0.7037037037037037 0.05734144222415291 0.1143317230273752
1 0.7328410078192876 0.534621578099839 0.05734144222415291 0.0966183574879227
0 0.6611642050390965 0.4146537842190016 0.09209383145091225 0.13526570048309178
2 0.49956559513466553 0.46859903381642515 0.9287576020851434 0.7793880837359098
1 0.20677671589921806 0.4476650563607085 0.05473501303214596 0.0966183574879227
1 0.5616854908774979 0.23510466988727857 0.05560382276281494 0.09178743961352658
1 0.6407471763683753 0.5185185185185185 0.04865334491746308 0.0998389694041868
4 0.8635968722849696 0.09903381642512077 0.04865334491746308 0.04830917874396135
1 0.6885317115551695 0.23832528180354268 0.05560382276281494 0.08695652173913043
1 0.8210251954821894 0.23752012882447665 0.05821025195482189 0.0853462157809984
4 0.9535186794092094 0.6602254428341385 0.030408340573414423 0.14814814814814814
4 0.9530842745438749 0.5024154589371981 0.03127715030408341 0.16908212560386474
4 0.4157254561251086 0.8389694041867954 0.2380538662033015 0.05636070853462158
4 0.046046915725456126 0.537842190016103 0.030408340573414423 0.21739130434782608
1 0.661598609904431 0.8856682769726248 0.059079061685490875 0.14170692431561996
4 0.21894005212858383 0.23107890499194847 0.030408340573414423 0.14492753623188406
4 0.6815812337098176 0.09903381642512077 0.06602953953084274 0.04508856682769726
4 0.7749782797567333 0.09742351046698873 0.11815812337098175 0.04669887278582931
1 0.7324066029539531 0.642512077294686 0.05734144222415291 0.09500805152979067