1 0.3386446568201564 0.703743961352657 0.057028670721112076 0.11405797101449275
1 0.2673588184187663 0.5347584541062802 0.057028670721112076 0.09595813204508857
0 0.3386446568201564 0.4143478260869565 0.0917984361424848 0.13533011272141707
2 0.5003258036490009 0.46847826086956523 0.9283666377063423 0.7797906602254429
1 0.793010425716768 0.4478341384863124 0.05477845351867941 0.09734299516908212
1 0.43844917463075583 0.23504025764895325 0.055525629887054735 0.09178743961352658
1 0.35927888792354473 0.518768115942029 0.048774978279756735 0.10014492753623189
4 0.13641181581233708 0.09942834138486313 0.048774978279756735 0.04867954911433173
1 0.3116333622936577 0.23851046698872788 0.055534317984361425 0.08761674718196456
1 0.17881407471763683 0.2371256038647343 0.058531711555169424 0.08484702093397745
4 0.046368375325803644 0.6599355877616747 0.030773240660295395 0.14882447665056361
4 0.04674196350999131 0.5020692431561997 0.03152041702867072 0.1696779388083736
4 0.5844005212858384 0.8393478260869566 0.23787141615986102 0.05702093397745571
4 0.953966116420504 0.5382367149758455 0.030017376194613376 0.2169565217391304
1 0.33827106863596873 0.8859420289855072 0.059287576020851426 0.14186795491143317
4 0.7810034752389228 0.2308695652173913 0.0307645525629887 0.14463768115942027
4 0.31838401390095566 0.098743961352657 0.06602953953084274 0.04450885668276973
4 0.2249609035621199 0.09735104669887279 0.11781059947871415 0.04729468599033817
1 0.267732406602954 0.6425523349436394 0.0577758470894874 0.09457326892109501