1 0.39009556907037357 0.20128824476650564 0.06168549087749783 0.10628019323671498
1 0.48132059079061684 0.06843800322061191 0.052128583840139006 0.10628019323671498
0 0.5460469157254562 0.20128824476650564 0.07298001737619461 0.1706924315619968
2 0.5169417897480452 0.5 0.42050390964378803 1
1 0.6429192006950478 0.3856682769726248 0.04952215464813206 0.10305958132045089
1 0.4900086880973067 0.2391304347826087 0.05386620330147698 0.09017713365539452
1 0.6411815812337098 0.15056360708534622 0.04691572545612511 0.10305958132045089
4 0.317115551694179 0.6561996779388084 0.030408340573414423 0.44122383252818037
1 0.29192006950477845 0.20048309178743962 0.07645525629887055 0.10950080515297907
4 0.7163336229365769 0.16344605475040258 0.02432667245873154 0.12238325281803543
4 0.7172024326672459 0.0499194847020934 0.02519548218940052 0.0998389694041868
1 0.42311033883579496 0.06924315619967794 0.051259774109470024 0.10628019323671498