4 0.6866804692891649 0.6531165311653117 0.035196687370600416 0.0915989159891599
4 0.38233264320220844 0.8360433604336044 0.04278812974465148 0.023848238482384824
4 0.10144927536231885 0.7962059620596206 0.033816425120772944 0.05853658536585366
4 0.10248447204968944 0.6341463414634146 0.035196687370600416 0.08184281842818428
4 0.10248447204968944 0.45338753387533876 0.031746031746031744 0.07371273712737128
4 0.10248447204968944 0.35745257452574525 0.035196687370600416 0.07371273712737128
1 0.7946859903381642 0.2921409214092141 0.07453416149068323 0.05962059620596206
1 0.7108350586611456 0.3276422764227642 0.08695652173913043 0.05853658536585366
4 0.49654934437543136 0.4981029810298103 0.05106970324361629 0.026558265582655827
4 0.36818495514147687 0.4994579945799458 0.07108350586611456 0.023848238482384824
4 0.6825396825396826 0.7672086720867208 0.03036576949620428 0.05582655826558266
1 0.07142857142857142 0.2948509485094851 0.08695652173913043 0.056910569105691054
1 0.07246376811594203 0.697560975609756 0.08143547273982056 0.05853658536585366
1 0.23775017253278122 0.7447154471544716 0.06556245686680469 0.053116531165311655
1 0.295376121463078 0.7127371273712737 0.060041407867494824 0.053116531165311655
1 0.39889579020013805 0.7192411924119241 0.062111801242236024 0.05420054200542006
1 0.46721877156659763 0.7143631436314363 0.06763285024154589 0.04986449864498645
1 0.5610766045548654 0.7655826558265583 0.06763285024154589 0.04715447154471545
0 0.5048309178743962 0.2623306233062331 0.12146307798481712 0.08130081300813008
0 0.4613526570048309 0.7829268292682927 0.26432022084196 0.08401084010840108
0 0.5075914423740511 0.1856368563685637 0.12284334023464458 0.05962059620596206
3 0.38509316770186336 0.27831978319783196 0.11456176673567978 0.10840108401084012
3 0.38923395445134573 0.18482384823848239 0.1131815044858523 0.05799457994579946
3 0.38198757763975155 0.6102981029810298 0.12146307798481712 0.0991869918699187
4 0.6877156659765356 0.43197831978319784 0.033816425120772944 0.06124661246612466
2 0.39337474120082816 0.3615176151761518 0.6038647342995169 0.2948509485094851
2 0.8450655624568668 0.21951219512195122 0.30986887508626637 0.1018970189701897
2 0.39337474120082816 0.6978319783197832 0.6135265700483091 0.2948509485094851
1 0.48481711525189786 0.32682926829268294 0.07108350586611456 0.05962059620596206