4 0.6948861283643893 0.6467154471544716 0.11688060731538993 0.027815718157181573
4 0.9277639751552794 0.40749322493224927 0.030103519668737058 0.03338211382113821
4 0.8772912353347135 0.18704607046070462 0.07437543133195307 0.026428184281842817
4 0.6709799861973775 0.18773983739837402 0.10448585231193927 0.027815718157181573
4 0.4407591442374051 0.18774254742547425 0.09385783298826778 0.025035230352303522
4 0.3185645272601795 0.18773983739837402 0.09385783298826778 0.027815718157181573
1 0.23533471359558317 0.7315528455284552 0.07614906832298136 0.05841192411924119
1 0.2804899930986888 0.665490514905149 0.07438233264320221 0.06815176151761518
4 0.4974292615596963 0.4972005420054201 0.03364389233954451 0.04033062330623306
4 0.4991994478951 0.3963658536585366 0.030103519668737058 0.05563685636856369
4 0.840103519668737 0.6432357723577236 0.07083505866114562 0.023642276422764227
1 0.23887163561076605 0.1634037940379404 0.07260869565217391 0.06815176151761518
1 0.7515562456866803 0.16409756097560976 0.07437543133195307 0.06397831978319783
1 0.8117632850241546 0.2941409214092141 0.06729468599033817 0.0514579945799458
1 0.7710351966873706 0.33934146341463417 0.06730158730158729 0.047289972899729
1 0.7790062111801243 0.42070460704607043 0.06906832298136646 0.04868292682926829
1 0.7728088336783988 0.4742520325203252 0.06375431331953071 0.052850948509485095
1 0.8383298826777086 0.5479647696476965 0.060207039337474115 0.052850948509485095
0 0.19727053140096618 0.5039024390243902 0.10337474120082815 0.09536043360433605
0 0.8601725327812283 0.4697479674796748 0.10665286404416839 0.20747425474254744
0 0.09956176673567976 0.5058319783197832 0.07564527260179434 0.09665040650406503
3 0.2177846790890269 0.4098292682926829 0.13783298826777088 0.0902059620596206
3 0.09874051069703242 0.41304878048780486 0.07400276052449965 0.0889159891598916
3 0.6403002070393374 0.4072520325203252 0.1263423050379572 0.09536043360433605
4 0.41330917874396134 0.6474092140921409 0.07792270531400966 0.026428184281842817
2 0.323616287094548 0.41627371273712743 0.37574879227053143 0.4742276422764228
2 0.14312284334023465 0.7783848238482384 0.1296273291925466 0.2577344173441734
2 0.7518771566597654 0.4162710027100271 0.37574879227053143 0.48196205962059624
1 0.2796066252587992 0.48815989159891604 0.07614906832298136 0.05563685636856369