0 0.1865112262521589 0.8073387096774194 0.10915371329879102 0.13274193548387098
1 0.280552677029361 0.7740092165898618 0.055267702936096716 0.08483870967741935
1 0.19194300518134713 0.710725806451613 0.05317789291882556 0.07509216589861752
1 0.2826338514680483 0.6578801843317973 0.059430051813471496 0.08345622119815668
1 0.7184110535405872 0.7893087557603686 0.06151986183074266 0.06815668202764977
1 0.6657599309153712 0.5327073732718894 0.054214162348877375 0.08066820276497695
1 0.6131174438687392 0.6300691244239631 0.05107081174438687 0.061198156682027646
4 0.12260794473229705 0.2037672811059908 0.033367875647668396 0.018087557603686636
4 0.3884542314335061 0.20516129032258063 0.12720207253886012 0.023640552995391705
4 0.6313644214162349 0.20655529953917054 0.10424870466321244 0.020852534562211984
4 0.9331692573402417 0.6453571428571429 0.013557858376511226 0.05564516129032258
4 0.8721848013816926 0.7468894009216591 0.11259067357512953 0.025023041474654378
4 0.6595077720207253 0.8748502304147465 0.045854922279792744 0.01947004608294931
4 0.4729015544041451 0.477073732718894 0.016683937823834198 0.1696774193548387
4 0.3967962003454231 0.7413248847926268 0.04170984455958549 0.01947004608294931
4 0.2039291882556131 0.8699769585253456 0.037530224525043177 0.023640552995391705
1 0.2690846286701209 0.1787327188940092 0.055267702936096716 0.07649769585253458
3 0.5786873920552678 0.7029493087557603 0.10915371329879102 0.07087557603686637
3 0.5545423143350604 0.7693202764976959 0.05699481865284974 0.20361751152073734
3 0.5811053540587219 0.8350460829493087 0.10818652849740933 0.07732718894009218
3 0.11214162348877374 0.8266705069124425 0.08791018998272884 0.08117511520737326
3 0.11696891191709843 0.704884792626728 0.09756476683937824 0.07990783410138248
3 0.10006044905008636 0.7654608294930875 0.06568221070811744 0.20359447004608294
2 0.2691105354058722 0.5373732718894009 0.413419689119171 0.6804147465437789
2 0.7245509499136442 0.539942396313364 0.4124525043177893 0.6803917050691245
0 0.5815889464594128 0.6082488479262673 0.10335060449050087 0.10824884792626728
1 0.7189291882556131 0.7072465437788018 0.058376511226252155 0.07094470046082949
1 0.12678756476683936 0.3574539170506913 0.03962003454231434 0.05841013824884793
1 0.13251295336787564 0.4861175115207373 0.03856649395509499 0.057027649769585256
1 0.17577720207253886 0.6314516129032258 0.04796200345423143 0.055622119815668204