0 0.8134715025906736 0.8076036866359447 0.10880829015544041 0.1336405529953917
1 0.7193436960276338 0.7741935483870968 0.055267702936096716 0.08525345622119816
1 0.8082901554404145 0.7108294930875576 0.0535405872193437 0.07603686635944701
1 0.7176165803108808 0.6578341013824884 0.05872193436960276 0.08294930875576037
1 0.2815198618307427 0.7891705069124424 0.06217616580310881 0.06912442396313365
1 0.33419689119170987 0.532258064516129 0.0535405872193437 0.08064516129032258
1 0.38687392055267705 0.630184331797235 0.05181347150259067 0.06221198156682028
4 0.8773747841105354 0.20391705069124424 0.03281519861830743 0.018433179723502304
4 0.6113989637305699 0.20506912442396313 0.12780656303972365 0.02304147465437788
4 0.3687392055267703 0.20622119815668202 0.10362694300518134 0.020737327188940093
4 0.06649395509499137 0.6451612903225806 0.013816925734024179 0.055299539170506916
4 0.12780656303972365 0.7465437788018433 0.11226252158894647 0.02534562211981567
4 0.34024179620034545 0.8744239631336406 0.046632124352331605 0.018433179723502304
4 0.5267702936096719 0.4769585253456221 0.017271157167530225 0.17050691244239632
4 0.6036269430051814 0.7407834101382489 0.04145077720207254 0.018433179723502304
4 0.7962003454231433 0.869815668202765 0.037996545768566495 0.02304147465437788
1 0.7305699481865285 0.17857142857142858 0.055267702936096716 0.07603686635944701
3 0.4214162348877375 0.7027649769585254 0.10880829015544041 0.07142857142857142
3 0.44559585492227977 0.7695852534562212 0.05699481865284974 0.20276497695852536
3 0.41882556131260795 0.8352534562211982 0.10880829015544041 0.07834101382488479
3 0.8877374784110535 0.8271889400921659 0.08808290155440414 0.08064516129032258
3 0.883419689119171 0.7050691244239631 0.09671848013816926 0.08064516129032258
3 0.8998272884283247 0.7649769585253456 0.06563039723661486 0.20276497695852536
2 0.7305699481865285 0.5368663594470046 0.41278065630397237 0.6797235023041475
2 0.2754749568221071 0.5403225806451613 0.41278065630397237 0.6797235023041475
0 0.41882556131260795 0.6082949308755761 0.10362694300518134 0.10829493087557604
1 0.28065630397236613 0.7073732718894009 0.05872193436960276 0.07142857142857142
1 0.8730569948186528 0.35714285714285715 0.039723661485319514 0.0576036866359447
1 0.8678756476683938 0.4861751152073733 0.037996545768566495 0.0576036866359447
1 0.8238341968911918 0.631336405529954 0.04835924006908463 0.055299539170506916