0 0.35665914221218964 0.6770670826833073 0.21218961625282168 0.1606864274570983
4 0.7223476297968398 0.8892355694227769 0.1580135440180587 0.0265210608424337
2 0.572234762979684 0.5436817472698908 0.6817155756207675 0.7113884555382215
4 0.2742663656884876 0.890015600624025 0.06772009029345373 0.0390015600624025
1 0.5214446952595937 0.1747269890795632 0.10158013544018059 0.07020280811232449
1 0.7708803611738149 0.6435257410296412 0.0835214446952596 0.059282371294851796
1 0.6410835214446953 0.6599063962558502 0.10835214446952596 0.0655226209048362
1 0.5112866817155757 0.6770670826833073 0.11060948081264109 0.07020280811232449
1 0.5270880361173815 0.7932917316692668 0.10609480812641084 0.07956318252730109
1 0.5259593679458239 0.9180967238689548 0.11286681715575621 0.078003120124805
4 0.39164785553047404 0.20202808112324494 0.18058690744920994 0.031201248049921998
4 0.6963882618510158 0.20046801872074882 0.17832957110609482 0.0358814352574103