0 0.35642212189616257 0.6771294851794072 0.21257336343115124 0.1610920436817473
4 0.7224040632054175 0.8893915756630265 0.1589841986455982 0.026427457098283934
2 0.571783295711061 0.5437519500780031 0.6805869074492099 0.7113416536661467
4 0.2746388261851016 0.8900858034321372 0.06841986455981941 0.038954758190327614
1 0.5211625282167043 0.17450858034321373 0.10264108352144469 0.0709204368174727
1 0.7707110609480812 0.6432137285491419 0.08250564334085778 0.05981279251170047
1 0.6409029345372461 0.6599063962558502 0.10866817155756207 0.06536661466458658
1 0.5111060948081264 0.6772932917316693 0.11069977426636568 0.06953198127925117
1 0.5272121896162528 0.793424336973479 0.10665914221218961 0.07926677067082684
1 0.526196388261851 0.9179017160686428 0.11270880361173814 0.07789391575663027
4 0.39136568848758463 0.2023244929797192 0.18110609480812642 0.031981279251170044
4 0.6962528216704289 0.20023400936037442 0.17909706546275395 0.03616224648985959