0 0.6008136234626301 0.23468692449355433 0.10709555345316935 0.23552486187845303
2 0.5799479659413435 0.43952117863720075 0.7232261116367077 0.8790423572744015
1 0.6196641438032167 0.8170810313075507 0.055014191106906335 0.12933701657458566
1 0.6210927152317881 0.911657458563536 0.052157048249763485 0.12379373848987109
1 0.580364238410596 0.40817679558011055 0.055014191106906335 0.11543278084714549
1 0.7343377483443709 0.424171270718232 0.06286660359508042 0.10848987108655617
1 0.7336234626300852 0.7983057090239412 0.06859035004730368 0.10290976058931861
4 0.22919583727530748 0.20511049723756905 0.021438032166508986 0.29902394106813995
4 0.9336802270577106 0.24475138121546958 0.022857142857142857 0.26147329650092077
1 0.2045411542100284 0.4179189686924494 0.06645222327341532 0.10430939226519337
4 0.9347492904446547 0.7120718232044199 0.023576158940397354 0.2531307550644567
4 0.22847682119205298 0.6696500920810313 0.024295175023651843 0.3713443830570902
1 0.25313150425733205 0.417219152854512 0.06501419110690634 0.10290976058931861