0 0.39924314096499525 0.23480662983425415 0.10690633869441817 0.23572744014732966
2 0.42005676442762535 0.43922651933701656 0.7228003784295175 0.8784530386740331
1 0.380321665089877 0.8167587476979742 0.05487228003784295 0.1289134438305709
1 0.37890255439924314 0.9116022099447514 0.05203405865657521 0.12338858195211787
1 0.4195837275307474 0.40791896869244937 0.05487228003784295 0.11602209944751381
1 0.26584673604541154 0.4244935543278085 0.06244087038789026 0.10865561694290976
1 0.2663197729422895 0.7983425414364641 0.06811731315042574 0.10313075506445672
4 0.7705771050141911 0.20534069981583794 0.021759697256385997 0.2983425414364641
4 0.06622516556291391 0.24493554327808473 0.02270577105014191 0.26151012891344383
1 0.7956480605487228 0.4180478821362799 0.06622516556291391 0.10497237569060773
4 0.065279091769158 0.7117863720073665 0.023651844843897825 0.2523020257826888
4 0.7715231788079471 0.6694290976058932 0.02459791863765374 0.3720073664825046
1 0.7469252601702933 0.4171270718232044 0.065279091769158 0.10313075506445672