1 0.32373271889400923 0.24170616113744076 0.06451612903225806 0.05924170616113744
1 0.4838709677419355 0.10308056872037914 0.0576036866359447 0.052132701421800945
1 0.4504608294930876 0.17298578199052134 0.06451612903225806 0.054502369668246446
1 0.3271889400921659 0.17298578199052134 0.06221198156682028 0.054502369668246446
4 0.7811059907834101 0.9419431279620853 0.02534562211981567 0.08293838862559241
4 0.0771889400921659 0.5580568720379147 0.027649769585253458 0.12085308056872038
4 0.0748847926267281 0.29265402843601895 0.027649769585253458 0.13270142180094788
4 0.7811059907834101 0.5616113744075829 0.029953917050691243 0.11137440758293839
4 0.7788018433179723 0.7582938388625592 0.029953917050691243 0.11374407582938388
4 0.7811059907834101 0.3068720379146919 0.02304147465437788 0.15165876777251186
4 0.7788018433179723 0.11018957345971564 0.020737327188940093 0.11848341232227488
4 0.07603686635944701 0.13033175355450238 0.02304147465437788 0.11848341232227488
1 0.6555299539170507 0.8933649289099526 0.0576036866359447 0.052132701421800945
1 0.6417050691244239 0.8412322274881516 0.052995391705069124 0.061611374407582936
1 0.4596774193548387 0.75 0.04377880184331797 0.052132701421800945
2 0.4274193548387097 0.5 0.7188940092165899 0.995260663507109
0 0.5518433179723502 0.9241706161137441 0.23963133640552994 0.11611374407582939
0 0.46889400921658986 0.8092417061611374 0.07834101382488479 0.07819905213270142
1 0.3859447004608295 0.6860189573459715 0.052995391705069124 0.07109004739336493
1 0.326036866359447 0.6172985781990521 0.055299539170506916 0.05924170616113744
1 0.8029953917050692 0.40165876777251186 0.07373271889400922 0.061611374407582936