1 0.2488479262672811 0.3187203791469194 0.0576036866359447 0.06635071090047394
1 0.11405529953917051 0.4834123222748815 0.05069124423963134 0.05924170616113744
1 0.18202764976958524 0.4490521327014218 0.052995391705069124 0.06635071090047394
1 0.18202764976958524 0.3222748815165877 0.052995391705069124 0.06398104265402843
4 0.9297235023041475 0.7890995260663507 0.08064516129032258 0.026066350710900472
4 0.5564516129032258 0.06516587677725119 0.1175115207373272 0.02843601895734597
4 0.29838709677419356 0.06279620853080568 0.12903225806451613 0.02843601895734597
4 0.5599078341013825 0.7890995260663507 0.10829493087557604 0.030805687203791468
4 0.7511520737327189 0.7867298578199052 0.11059907834101383 0.030805687203791468
4 0.3122119815668203 0.7890995260663507 0.14746543778801843 0.023696682464454975
4 0.12096774193548387 0.7867298578199052 0.1152073732718894 0.02132701421800948
4 0.14055299539170507 0.06398104265402843 0.1152073732718894 0.023696682464454975
1 0.8824884792626728 0.659952606635071 0.05069124423963134 0.05924170616113744
1 0.8317972350230415 0.6457345971563981 0.059907834101382486 0.054502369668246446
1 0.7430875576036866 0.4585308056872038 0.05069124423963134 0.045023696682464455
2 0.5 0.4253554502369668 0.967741935483871 0.7393364928909952
0 0.9124423963133641 0.5533175355450237 0.11290322580645161 0.24644549763033174
0 0.8006912442396313 0.46800947867298576 0.07603686635944701 0.08056872037914692
1 0.6808755760368663 0.38270142180094785 0.06912442396313365 0.054502369668246446
1 0.6140552995391705 0.32109004739336494 0.0576036866359447 0.05687203791469194
1 0.4043778801843318 0.8116113744075829 0.059907834101382486 0.07582938388625593