1 0.32413594470046087 0.24197867298578202 0.0649078341013825 0.058412322274881516
1 0.48438940092165905 0.10289099526066352 0.05813364055299539 0.0528436018957346
1 0.4505760368663594 0.17311611374407584 0.06354838709677418 0.054241706161137444
1 0.3268433179723502 0.17242890995260662 0.06221198156682028 0.055616113744075824
4 0.7812327188940092 0.9422511848341232 0.02435483870967742 0.08203791469194312
4 0.0766589861751152 0.5583886255924171 0.02705069124423963 0.12099526066350712
4 0.07524193548387097 0.2927251184834123 0.026935483870967742 0.13208530805687205
4 0.7812327188940092 0.5618601895734597 0.029746543778801843 0.11125592417061612
4 0.7785253456221198 0.7586729857819905 0.029769585253456222 0.11265402843601896
4 0.7805529953917051 0.30664691943127964 0.022995391705069125 0.15158767772511847
4 0.778536866359447 0.10984597156398106 0.021635944700460832 0.11959715639810427
4 0.07596774193548386 0.13001184834123222 0.022995391705069125 0.11822274881516588
1 0.6554723502304146 0.8935781990521328 0.05679723502304147 0.05146919431279621
1 0.6419354838709678 0.8407227488151658 0.05410138248847926 0.0625829383886256
1 0.4593778801843318 0.7496208530805687 0.043271889400921665 0.0528436018957346
2 0.4273617511520737 0.4999407582938388 0.7192396313364054 0.9948578199052133
0 0.5513940092165899 0.923909952606635 0.24057603686635945 0.11597156398104265
0 0.4687096774193549 0.8092298578199052 0.07769585253456221 0.07732227488151659
1 0.38633640552995396 0.6863388625592417 0.05410138248847926 0.07092417061611374
1 0.3261635944700461 0.6174999999999999 0.05546082949308756 0.058412322274881516
1 0.8035483870967742 0.4019194312796208 0.0743778801843318 0.06118483412322275