4 0.3936619718309859 0.49257884972170685 0.04788732394366197 0.029684601113172542
1 0.18450704225352113 0.7541743970315399 0.05211267605633803 0.07235621521335807
1 0.2556338028169014 0.7708719851576994 0.054929577464788736 0.055658627087198514
1 0.3330985915492958 0.6567717996289425 0.04507042253521127 0.07235621521335807
1 0.38028169014084506 0.16048237476808905 0.04647887323943662 0.061224489795918366
4 0.27535211267605636 0.8358070500927643 0.015492957746478873 0.0575139146567718
4 0.6866197183098591 0.7541743970315399 0.01971830985915493 0.16697588126159554
3 0.3901408450704225 0.8580705009276438 0.059154929577464786 0.13358070500927643
3 0.3190140845070423 0.3877551020408163 0.08591549295774648 0.1280148423005566
0 0.3246478873239437 0.5918367346938775 0.09014084507042254 0.08905380333951762
0 0.35845070422535213 0.19758812615955473 0.1591549295774648 0.11131725417439703
2 0.4253521126760563 0.7105751391465677 0.5394366197183098 0.4489795918367347
2 0.48169014084507045 0.23469387755102042 0.423943661971831 0.45083487940630795
4 0.6873239436619718 0.35714285714285715 0.016901408450704224 0.14100185528756956
1 0.7077464788732394 0.6261595547309833 0.059154929577464786 0.08163265306122448
1 0.5161971830985915 0.29591836734693877 0.05211267605633803 0.07050092764378478
1 0.46830985915492956 0.23469387755102042 0.05211267605633803 0.07792207792207792
1 0.38309859154929576 0.2792207792207792 0.04507042253521127 0.07606679035250463
3 0.30422535211267604 0.8701298701298701 0.05352112676056338 0.11873840445269017
3 0.3471830985915493 0.8905380333951762 0.14788732394366197 0.07421150278293136
1 0.7091549295774648 0.1456400742115028 0.056338028169014086 0.07977736549165121