4 0.4942112676056338 0.6404359925788498 0.02216901408450704 0.06257884972170685
1 0.6932394366197183 0.9151205936920223 0.05490140845070422 0.06953617810760668
1 0.7059154929577465 0.821938775510204 0.04222535211267606 0.07233766233766234
1 0.6193380281690141 0.7197124304267162 0.05490140845070422 0.059795918367346934
1 0.24239436619718313 0.6578200371057514 0.04645070422535211 0.06120593692022264
4 0.7550070422535212 0.7962059369202226 0.04328169014084507 0.020871985157699443
4 0.6932394366197183 0.2537847866419295 0.12670422535211268 0.02641929499072356
3 0.7719436619718308 0.6442857142857142 0.10174647887323943 0.07732838589981447
3 0.4148591549295775 0.7383673469387756 0.09783098591549295 0.11339517625231911
0 0.5699225352112676 0.7306307977736549 0.06750704225352112 0.11855287569573283
0 0.2700774647887324 0.6868089053803339 0.08412676056338028 0.2087569573283859
2 0.6599225352112675 0.5985343228200372 0.3414225352112676 0.7100556586270872
2 0.298443661971831 0.524443413729128 0.3424084507042254 0.5592764378478664
4 0.39179577464788734 0.2530890538033395 0.1066338028169014 0.022244897959183673
1 0.5955704225352113 0.2266604823747681 0.06229577464788732 0.07788497217068645
1 0.34534507042253526 0.479100185528757 0.05384507042253521 0.0681447124304267
1 0.2983521126760564 0.5416883116883118 0.05912676056338028 0.06816326530612245
1 0.33266901408450705 0.6543413729128015 0.05807042253521126 0.05981447124304268
3 0.7807464788732394 0.758330241187384 0.09 0.07087198515769945
3 0.7963943661971831 0.7016326530612245 0.05673239436619718 0.194582560296846
1 0.23077464788732396 0.22458256029684603 0.061239436619718306 0.0737291280148423