4 0.39835924006908463 0.25035714285714283 0.11989637305699483 0.027811059907834102
4 0.29723661485319514 0.6210253456221199 0.01772020725388601 0.16550691244239632
1 0.5312780656303973 0.22463133640552999 0.056303972366148536 0.0792626728110599
1 0.4160794473229707 0.7656682027649768 0.04690846286701209 0.054239631336405525
1 0.4384974093264249 0.5500921658986174 0.058376511226252155 0.06815668202764977
1 0.5917443868739205 0.690552995391705 0.05212435233160622 0.06258064516129032
1 0.5453540587219344 0.7260253456221198 0.05734024179620035 0.06675115207373272
2 0.49175302245250435 0.535426267281106 0.3970120898100173 0.5889170506912442
0 0.6255354058721935 0.7448387096774194 0.11590673575129534 0.15981566820276497
4 0.6105094991364421 0.2489746543778802 0.11466321243523316 0.025046082949308754
1 0.4338082901554404 0.8518894009216591 0.05525043177892919 0.07649769585253458