4 0.6018998272884283 0.25 0.11917098445595854 0.027649769585253458
4 0.7029360967184801 0.6209677419354839 0.017271157167530225 0.16589861751152074
1 0.4689119170984456 0.22465437788018433 0.05699481865284974 0.07834101382488479
1 0.5837651122625216 0.7661290322580645 0.046632124352331605 0.055299539170506916
1 0.5613126079447323 0.5495391705069125 0.05872193436960276 0.06912442396313365
1 0.40846286701208984 0.6900921658986175 0.05181347150259067 0.06221198156682028
1 0.4542314335060449 0.7258064516129032 0.05699481865284974 0.06682027649769585
2 0.5086355785837651 0.5357142857142857 0.39723661485319517 0.5898617511520737
0 0.3747841105354059 0.7453917050691244 0.1157167530224525 0.15898617511520738
4 0.38946459412780654 0.2488479262672811 0.11398963730569948 0.02534562211981567
1 0.5664939550949913 0.8513824884792627 0.055267702936096716 0.07603686635944701