4 0.546471875 0.11332916666666668 0.10744375 0.020858333333333333
1 0.37477499999999997 0.5354416666666666 0.0479875 0.06398333333333334
1 0.782734375 0.3136083333333333 0.05424375000000001 0.06815
1 0.840525 0.3156916666666667 0.049025 0.07788333333333333
1 0.85731875 0.4213958333333333 0.057374999999999995 0.06119166666666667
1 0.7920218750000001 0.4839833333333333 0.05006875 0.07231666666666667
1 0.702415625 0.5841208333333333 0.05424375000000001 0.080675
1 0.7050250000000001 0.6960791666666666 0.057374999999999995 0.08205833333333333
1 0.4640125 0.719725 0.0595625 0.06815
1 0.374771875 0.6592291666666668 0.05215625 0.06954166666666667
1 0.316409375 0.6536625 0.03974375 0.06119166666666667
0 0.392234375 0.5728541666666667 0.09761875 0.127575
0 0.9228406250000001 0.3963041666666667 0.08601874999999999 0.10695833333333332
2 0.52513125 0.4562291666666667 0.8949750000000001 0.701025
1 0.244384375 0.7079041666666667 0.05424375000000001 0.06954166666666667
1 0.24490625 0.4116625 0.057374999999999995 0.06397499999999999
1 0.06496874999999999 0.18078333333333332 0.0605 0.07231666666666667
4 0.08275625 0.42556666666666665 0.014499999999999999 0.13908333333333334
4 0.34196875 0.8024791666666666 0.0677 0.022258333333333335
4 0.5541874999999999 0.803175 0.102225 0.020866666666666665
4 0.6575093750000001 0.7691 0.016581250000000002 0.05563333333333334
4 0.88485625 0.6703541666666667 0.08345000000000001 0.022258333333333335
4 0.9688781249999999 0.3803666666666667 0.01554375 0.05146666666666667
4 0.88543125 0.11402500000000002 0.09085000000000001 0.02225
4 0.735221875 0.11472083333333333 0.08876875000000001 0.02364166666666667
4 0.3502625 0.11472083333333333 0.09283749999999999 0.026425
4 0.168759375 0.11332916666666668 0.05319375 0.02364166666666667