4 0.21 0.4379166666666667 0.015625 0.14333333333333334
1 0.5265625 0.6670833333333334 0.048125 0.06416666666666666
1 0.3603125 0.12291666666666666 0.05125 0.0725
1 0.361875 0.04583333333333333 0.058125 0.065
1 0.4409375 0.030833333333333334 0.045625 0.06166666666666667
1 0.488125 0.11083333333333334 0.054375 0.06666666666666667
1 0.563125 0.23 0.060625 0.0725
1 0.6471875 0.22666666666666666 0.06125 0.07666666666666666
1 0.6646875 0.5479166666666667 0.05125 0.07916666666666666
1 0.619375 0.6670833333333334 0.051875 0.06916666666666667
1 0.6153125 0.7445833333333334 0.045625 0.05333333333333334
0 0.5546875 0.64375 0.095625 0.13
2 0.4671875 0.5 0.525625 1
1 0.6559375 0.8408333333333333 0.051875 0.0725
1 0.43375 0.84 0.048125 0.07666666666666666
4 0.726875 0.7108333333333333 0.016875 0.09
4 0.7275 0.42791666666666667 0.015625 0.13666666666666666
4 0.701875 0.29 0.041875 0.0225
4 0.6278125 0.02125 0.016875 0.0425
4 0.2103125 0.023333333333333334 0.016875 0.04666666666666667
4 0.2109375 0.18625 0.0175 0.11833333333333333
4 0.2109375 0.6995833333333333 0.02 0.12416666666666666
4 0.21 0.9416666666666667 0.0175 0.07083333333333333