4 0.79 0.5620833333333334 0.015625 0.14333333333333334
1 0.4734375 0.3329166666666667 0.048125 0.06416666666666666
1 0.6396875 0.8770833333333333 0.05125 0.0725
1 0.638125 0.9541666666666667 0.058125 0.065
1 0.5590625 0.96875 0.045625 0.0625
1 0.511875 0.8891666666666667 0.054375 0.06666666666666667
1 0.436875 0.77 0.060625 0.0725
1 0.3528125 0.7733333333333333 0.06125 0.07666666666666666
1 0.3353125 0.45208333333333334 0.05125 0.07916666666666666
1 0.380625 0.3329166666666667 0.051875 0.06916666666666667
1 0.3846875 0.2554166666666667 0.045625 0.05333333333333334
0 0.4453125 0.35625 0.095625 0.13
2 0.5328125 0.5 0.525625 1
1 0.3440625 0.15916666666666668 0.051875 0.0725
1 0.56625 0.16 0.048125 0.07666666666666666
4 0.273125 0.2891666666666667 0.016875 0.09
4 0.2725 0.5720833333333334 0.015625 0.13666666666666666
4 0.298125 0.71 0.041875 0.0225
4 0.3721875 0.97875 0.016875 0.0425
4 0.7890625 0.9766666666666667 0.016875 0.04666666666666667
4 0.7890625 0.81375 0.0175 0.11833333333333333
4 0.7890625 0.30041666666666667 0.02 0.12416666666666666
4 0.79 0.058333333333333334 0.0175 0.07083333333333333