1 0.7467227833894501 0.22460029607698 0.12653198653198652 0.10431532198371578
0 0.24303591470258135 0.6443042190969652 0.3224130190796857 0.1494818652849741
0 0.3456228956228956 0.7879903774981496 0.11723905723905723 0.1275721687638786
2 0.4833726150392817 0.557320503330866 0.8656004489337823 0.6224278312361213
1 0.216341189674523 0.6946965210954849 0.11176206509539843 0.07649888971132494
1 0.4968237934904602 0.900540340488527 0.128641975308642 0.10987416728349371
1 0.45359147025813695 0.7795373797187268 0.11809203142536476 0.07093264248704663
1 0.46624579124579124 0.6675795706883789 0.1391806958473625 0.08344929681717246
4 0.8996127946127946 0.5173686158401184 0.05271604938271605 0.13352331606217616
4 0.5664141414141415 0.26006661732050335 0.24252525252525253 0.03616580310880829
4 0.2774971941638608 0.25658771280532944 0.24673400673400675 0.034774241302738707