4 0.8674540682414699 0.18616144975288304 0.02099737532808399 0.24217462932454695
4 0.11745406824146981 0.8056013179571664 0.02230971128608924 0.26359143327841844
4 0.11745406824146981 0.5304777594728172 0.02099737532808399 0.22899505766062603
4 0.1141732283464567 0.2545304777594728 0.026246719160104987 0.26359143327841844
1 0.47834645669291337 0.47034596375617793 0.05905511811023622 0.0642504118616145
1 0.494750656167979 0.714168039538715 0.06824146981627296 0.085667215815486
0 0.40288713910761154 0.4868204283360791 0.1036745406824147 0.171334431630972
2 0.48884514435695536 0.5131795716639209 0.7611548556430446 0.9077429983525536
1 0.494750656167979 0.7883031301482701 0.06824146981627296 0.09390444810543658
1 0.35039370078740156 0.6169686985172982 0.07086614173228346 0.08237232289950576
1 0.35236220472440943 0.7051070840197694 0.06692913385826772 0.07742998352553541
1 0.8871391076115486 0.3393739703459638 0.06561679790026247 0.0757825370675453
1 0.42322834645669294 0.37397034596375617 0.045931758530183726 0.06754530477759473
4 0.46062992125984253 0.35337726523887975 0.02099737532808399 0.0642504118616145