4 0.25 0.9612850082372323 0.19291338582677164 0.026359143327841845
4 0.7434383202099738 0.019769357495881382 0.2099737532808399 0.02800658978583196
4 0.5242782152230971 0.019769357495881382 0.18241469816272965 0.026359143327841845
4 0.30446194225721784 0.015650741350906095 0.2099737532808399 0.03130148270181219
1 0.4763779527559055 0.4728171334431631 0.051181102362204724 0.07413509060955518
1 0.6706036745406824 0.49341021416803954 0.06824146981627296 0.085667215815486
0 0.489501312335958 0.37808896210873144 0.13648293963254593 0.1301482701812191
2 0.510498687664042 0.48599670510708404 0.7230971128608924 0.9555189456342669
1 0.7296587926509186 0.49341021416803954 0.07480314960629922 0.085667215815486
1 0.5931758530183727 0.31219110378912684 0.06561679790026247 0.08896210873146623
1 0.6633858267716536 0.31466227347611203 0.06167979002624672 0.08401976935749589
1 0.37139107611548555 0.9719934102141681 0.06036745406824147 0.05601317957166392
1 0.39960629921259844 0.40362438220757824 0.05380577427821522 0.057660626029654036
4 0.38320209973753283 0.45057660626029655 0.051181102362204724 0.026359143327841845