4 0.8672572178477691 0.18635090609555188 0.0210498687664042 0.241993410214168
4 0.11775590551181103 0.8059637561779243 0.022152230971128607 0.2628665568369028
4 0.11720472440944882 0.5305848434925865 0.0210498687664042 0.22947281713344314
4 0.11443569553805773 0.254505766062603 0.026587926509186354 0.2642668863261944
1 0.4783858267716536 0.47008237232289957 0.058713910761154856 0.06398682042833609
1 0.49444881889763787 0.714168039538715 0.06868766404199475 0.08484349258649095
0 0.40295931758530185 0.4865238879736408 0.10368766404199475 0.1714003294892916
2 0.4886745406824147 0.5129489291598023 0.7616797900262466 0.9072158154859966
1 0.495 0.7885749588138385 0.06758530183727034 0.09457990115321252
1 0.35041994750656164 0.616812191103789 0.07091863517060368 0.08205930807248765
1 0.3526377952755905 0.7051317957166392 0.06648293963254592 0.07787479406919276
1 0.8871981627296588 0.33934925864909393 0.06536745406824147 0.07510708401976936
1 0.4235433070866142 0.37411861614497527 0.04653543307086614 0.06675453047775948
4 0.4606561679790026 0.35325370675453044 0.0210498687664042 0.06397034596375617