1 0.11311053984575835 0.5231854838709677 0.03984575835475578 0.07258064516129033
0 0.31362467866323906 0.45463709677419356 0.08097686375321336 0.08669354838709678
0 0.6516709511568124 0.4879032258064516 0.06940874035989718 0.08870967741935484
2 0.487146529562982 0.5080645161290323 0.9010282776349614 0.8084677419354839
4 0.519280205655527 0.43850806451612906 0.037275064267352186 0.018145161290322582
1 0.7660668380462725 0.7167338709677419 0.042416452442159386 0.06854838709677419
1 0.9113110539845758 0.6602822580645161 0.037275064267352186 0.06451612903225806
1 0.9003856041131105 0.4566532258064516 0.03470437017994859 0.056451612903225805
1 0.8033419023136247 0.46169354838709675 0.04113110539845758 0.06451612903225806
1 0.8116966580976864 0.37701612903225806 0.030848329048843187 0.05040322580645161
1 0.8014138817480719 0.31149193548387094 0.037275064267352186 0.06854838709677419
1 0.6523136246786633 0.4213709677419355 0.032133676092544985 0.06048387096774194
1 0.48586118251928023 0.46774193548387094 0.043701799485861184 0.07862903225806452
1 0.6548843187660668 0.3084677419354839 0.038560411311053984 0.07661290322580645
1 0.615681233933162 0.34475806451612906 0.02442159383033419 0.04233870967741935
1 0.5790488431876607 0.3084677419354839 0.04113110539845758 0.06451612903225806
1 0.5276349614395887 0.36794354838709675 0.04755784061696658 0.06451612903225806
1 0.4717223650385604 0.3689516129032258 0.05012853470437018 0.0625
1 0.36825192802056556 0.4435483870967742 0.038560411311053984 0.046370967741935484
1 0.3708226221079691 0.3840725806451613 0.04113110539845758 0.05846774193548387
1 0.37853470437017994 0.3245967741935484 0.032133676092544985 0.0625
1 0.36953727506426737 0.25201612903225806 0.03598971722365039 0.05040322580645161
4 0.18958868894601544 0.5020161290322581 0.11311053984575835 0.02217741935483871
4 0.4087403598971722 0.501008064516129 0.060411311053984576 0.024193548387096774
4 0.5411311053984575 0.7127016129032258 0.016709511568123392 0.2762096774193548
4 0.9331619537275064 0.75 0.015424164524421594 0.14919354838709678
4 0.9344473007712082 0.5372983870967742 0.015424164524421594 0.14516129032258066
4 0.8296915167095116 0.11693548387096774 0.09383033419023136 0.02217741935483871
4 0.6850899742930592 0.11391129032258064 0.09511568123393316 0.020161290322580645
4 0.5372750642673522 0.11189516129032258 0.09768637532133675 0.020161290322580645
4 0.38946015424164526 0.11088709677419355 0.06298200514138817 0.018145161290322582
4 0.32904884318766064 0.10887096774193548 0.060411311053984576 0.024193548387096774