1 0.11296272493573266 0.5229536290322581 0.039910025706940876 0.07231854838709677
0 0.3134704370179949 0.45483870967741935 0.08051413881748072 0.08762096774193548
0 0.6519601542416453 0.48770161290322583 0.06901028277634962 0.08891129032258065
2 0.48682519280205655 0.5076814516129032 0.9004370179948585 0.809274193548387
4 0.5195115681233933 0.4388004032258065 0.03724935732647815 0.01808467741935484
1 0.7660089974293058 0.7169657258064517 0.04255784061696658 0.06816532258064517
1 0.9114331619537276 0.6606350806451613 0.03723650385604113 0.0639717741935484
1 0.9003470437017995 0.4561895161290323 0.0345758354755784 0.055645161290322584
1 0.8032519280205654 0.4617439516129032 0.04079691516709511 0.0639717741935484
1 0.8116773778920309 0.37690524193548386 0.031041131105398457 0.05006048387096774
1 0.801478149100257 0.31154233870967746 0.03724935732647815 0.06953629032258064
1 0.6525128534704371 0.42142137096774196 0.03191516709511568 0.06118951612903226
1 0.48581619537275067 0.46730846774193546 0.04433161953727507 0.07788306451612904
1 0.6551735218508997 0.3080645161290323 0.03901028277634962 0.07649193548387097
1 0.615719794344473 0.34491935483870967 0.023933161953727508 0.041733870967741934
1 0.5793637532133675 0.3080645161290323 0.041683804627249355 0.06536290322580646
1 0.527487146529563 0.36786290322580645 0.04787917737789203 0.06536290322580646
1 0.4716259640102828 0.3692540322580645 0.04965295629820052 0.06258064516129032
1 0.3683290488431877 0.4436693548387097 0.038123393316195374 0.0472983870967742
1 0.3709897172236504 0.3838608870967742 0.04167095115681234 0.058407258064516125
1 0.37852827763496144 0.32475806451612904 0.03191516709511568 0.06258064516129032
1 0.36965938303341905 0.2517338709677419 0.035462724935732645 0.05008064516129032
4 0.18966580976863753 0.5020766129032258 0.1134961439588689 0.02225806451612903
4 0.40866966580976866 0.5013911290322581 0.06029562982005141 0.02362903225806452
4 0.5412403598971722 0.7127923387096774 0.01685089974293059 0.27675403225806455
4 0.9331555269922879 0.7503427419354838 0.015077120822622109 0.1488306451612903
4 0.9344858611825194 0.5375504032258065 0.015964010282776348 0.14602822580645164
4 0.8298521850899743 0.11683467741935484 0.0939974293059126 0.02225806451612903
4 0.6853213367609255 0.11405241935483872 0.09575835475578406 0.019475806451612905
4 0.5372493573264782 0.1119657258064516 0.09753213367609254 0.020866935483870967
4 0.38961439588688945 0.11057459677419354 0.06295629820051414 0.01808467741935484
4 0.32887532133676095 0.10918346774193549 0.06029562982005141 0.0236491935483871