0 0.47107969151670953 0.7923387096774194 0.055269922879177376 0.12701612903225806
0 0.4922879177377892 0.2620967741935484 0.056555269922879174 0.10887096774193548
2 0.5044987146529563 0.5 0.5154241645244216 1
4 0.4607969151670951 0.46975806451612906 0.011568123393316195 0.05846774193548387
1 0.6381748071979434 0.08266129032258064 0.043701799485861184 0.06653225806451613
1 0.4755784061696658 0.028225806451612902 0.04113110539845758 0.056451612903225805
1 0.42095115681233936 0.017137096774193547 0.032133676092544985 0.034274193548387094
1 0.3791773778920309 0.028225806451612902 0.043701799485861184 0.056451612903225805
1 0.4498714652956298 0.2610887096774194 0.038560411311053984 0.05040322580645161
1 0.4794344473007712 0.5221774193548387 0.05012853470437018 0.06854838709677419
1 0.37789203084832906 0.25705645161290325 0.04884318766066838 0.06048387096774194
1 0.40102827763496146 0.3185483870967742 0.02699228791773779 0.038306451612903226
1 0.37789203084832906 0.37600806451612906 0.04113110539845758 0.06451612903225806
1 0.4158097686375321 0.4566532258064516 0.04113110539845758 0.07459677419354839
1 0.41645244215938304 0.5443548387096774 0.03984575835475578 0.07862903225806452
1 0.4640102827763496 0.7066532258064516 0.02956298200514139 0.06048387096774194
1 0.42609254498714655 0.7026209677419355 0.037275064267352186 0.06451612903225806
1 0.38817480719794345 0.6905241935483871 0.03984575835475578 0.05040322580645161
1 0.34190231362467866 0.7046370967741935 0.032133676092544985 0.056451612903225805
4 0.5006426735218509 0.9485887096774194 0.014138817480719794 0.1028225806451613
4 0.5006426735218509 0.6431451612903226 0.015424164524421594 0.09475806451612903
4 0.6356041131105399 0.43548387096774194 0.17609254498714652 0.02620967741935484
4 0.2551413881748072 0.028225806451612902 0.014138817480719794 0.056451612903225805
4 0.2538560411311054 0.20967741935483872 0.012853470437017995 0.14919354838709678
4 0.2525706940874036 0.4415322580645161 0.012853470437017995 0.1532258064516129
4 0.2519280205655527 0.6733870967741935 0.011568123393316195 0.09879032258064516
4 0.2506426735218509 0.7681451612903226 0.015424164524421594 0.09475806451612903