1 0.5328719397363465 0.7545795006570303 0.12160075329566854 0.08206307490144547
1 0.536864406779661 0.8693166885676741 0.11361581920903954 0.08622864651773982
4 0.16810734463276833 0.21632720105124836 0.08171374764595103 0.031997371879106444
4 0.4122787193973635 0.21493429697766098 0.12757062146892653 0.02921156373193167
4 0.8169114877589454 0.21563074901445467 0.12757062146892653 0.030604467805519054
1 0.5408474576271186 0.1864257555847569 0.1056497175141243 0.08344283837056504
1 0.3634557438794727 0.6495663600525624 0.11361581920903954 0.06675427069645204
0 0.14637476459510357 0.4380880420499343 0.1532768361581921 0.12371879106438897
1 0.2538229755178908 0.33524310118265443 0.0976647834274953 0.06675427069645204
1 0.1760828625235405 0.34010512483574246 0.10165725047080978 0.07093298291721419
1 0.17209039548022598 0.47015111695137973 0.0976647834274953 0.06398160315374507
4 0.7012994350282485 0.2128515111695138 0.12357815442561206 0.03059132720105125
1 0.5468267419962335 0.5619513797634692 0.09768361581920904 0.061195795006570304
1 0.7909981167608287 0.6460906701708279 0.08372881355932203 0.06258869908015768
1 0.632542372881356 0.6593035479632062 0.0976647834274953 0.06954007884362681
2 0.48895480225988697 0.5302233902759527 0.8532391713747646 0.6533508541392904
4 0.15416195856873824 0.8428909329829173 0.17340866290018833 0.03337713534822602
4 0.77605461393597 0.8428975032851512 0.16943502824858755 0.027818659658344284
4 0.9095951035781544 0.267095926412615 0.029887005649717514 0.03894875164257556