1 0.5329566854990584 0.7542706964520368 0.1224105461393597 0.08147174770039421
1 0.536723163841808 0.8692509855453351 0.11299435028248588 0.08672798948751642
4 0.16854990583804144 0.2161629434954008 0.08097928436911488 0.03153745072273324
4 0.4124293785310734 0.21484888304862024 0.128060263653484 0.02890932982917214
4 0.8173258003766478 0.21550591327201052 0.128060263653484 0.030223390275952694
1 0.5404896421845574 0.18659658344283836 0.10546139359698682 0.08409986859395532
1 0.3634651600753296 0.6498028909329829 0.11299435028248588 0.06701708278580815
0 0.14595103578154425 0.43823915900131405 0.15254237288135594 0.12352168199737187
1 0.2542372881355932 0.33508541392904073 0.09792843691148775 0.06701708278580815
1 0.1760828625235405 0.3403416557161629 0.1016949152542373 0.07095926412614981
1 0.17231638418079095 0.4704336399474376 0.09792843691148775 0.06438896189224705
4 0.7015065913370998 0.21287779237844942 0.12429378531073447 0.030223390275952694
1 0.5470809792843692 0.561760840998686 0.09792843691148775 0.06176084099868594
1 0.7909604519774012 0.6458607095926413 0.08286252354048965 0.06307490144546649
1 0.632768361581921 0.6590013140604468 0.09792843691148775 0.06964520367936924
2 0.4887005649717514 0.5302233902759527 0.8531073446327684 0.6530880420499343
4 0.1544256120527307 0.842969776609724 0.17325800376647835 0.0328515111695138
4 0.775894538606403 0.842969776609724 0.1694915254237288 0.02759526938239159
4 0.9096045197740112 0.26741130091984233 0.030131826741996232 0.03942181340341656