1 0.864406779661017 0.5229960578186597 0.1167608286252354 0.08541392904073587
1 0.9830508474576272 0.5256241787122208 0.03389830508474576 0.07884362680683311
4 0.09322033898305085 0.26872536136662284 0.04519774011299435 0.056504599211563734
4 0.09133709981167608 0.43889618922470436 0.04143126177024482 0.08935611038107753
4 0.09227871939736347 0.721419185282523 0.04331450094161959 0.08935611038107753
1 0.05555555555555555 0.5282522996057819 0.1111111111111111 0.0735873850197109
1 0.7146892655367232 0.40473061760841 0.096045197740113 0.07884362680683311
0 0.4114877589453861 0.25295663600525625 0.17702448210922786 0.10643889618922471
1 0.263653483992467 0.328515111695138 0.096045197740113 0.0683311432325887
1 0.2711864406779661 0.2739816031537451 0.1016949152542373 0.07095926412614981
1 0.4576271186440678 0.27135348226018396 0.09227871939736347 0.0683311432325887
4 0.08851224105461393 0.640604467805519 0.04331450094161959 0.08672798948751642
1 0.588512241054614 0.5328515111695138 0.08851224105461393 0.0683311432325887
1 0.7090395480225988 0.7030223390275953 0.0903954802259887 0.05781865965834428
1 0.7278719397363466 0.5926412614980289 0.09981167608286252 0.0683311432325887
2 0.5376647834274952 0.4921156373193167 0.9246704331450094 0.59526938239159
4 0.9839924670433146 0.2588699080157687 0.032015065913371 0.12089356110381078
4 0.9858757062146892 0.6925098554533509 0.02824858757062147 0.11826544021024968
4 0.16666666666666666 0.78580814717477 0.05649717514124294 0.02102496714848883