2 0.19764150943396228 0.33798882681564246 0.3330188679245283 0.5633147113594041
1 0.21462264150943397 0.1973929236499069 0.045283018867924525 0.04562383612662942
1 0.1872641509433962 0.46741154562383613 0.04339622641509434 0.04283054003724395
1 0.1820754716981132 0.50512104283054 0.04245283018867924 0.04283054003724395
1 0.879245283018868 0.4515828677839851 0.04905660377358491 0.04189944134078212
1 0.7783018867924528 0.4548417132216015 0.045283018867924525 0.04562383612662942
1 0.7268867924528302 0.5186219739292365 0.04339622641509434 0.051210428305400374
1 0.6957547169811321 0.4660148975791434 0.04622641509433962 0.0595903165735568
1 0.8108490566037736 0.21554934823091249 0.048113207547169815 0.04283054003724395
1 0.8122641509433962 0.04748603351955307 0.045283018867924525 0.04562383612662942
1 0.7929245283018868 0.12988826815642457 0.04622641509433962 0.04748603351955307
1 0.7528301886792453 0.138268156424581 0.04245283018867924 0.036312849162011177
1 0.6495283018867924 0.10381750465549348 0.03773584905660377 0.03910614525139665
1 0.6330188679245283 0.20577281191806332 0.03962264150943396 0.04003724394785847
1 0.6 0.20810055865921787 0.040566037735849055 0.04189944134078212
1 0.5183962264150943 0.41108007448789574 0.04622641509433962 0.04189944134078212
1 0.6273584905660378 0.47998137802607077 0.03679245283018868 0.048417132216014895
1 0.4962264150943396 0.6052141527001862 0.045283018867924525 0.054003724394785846
1 0.5504716981132075 0.8575418994413407 0.04905660377358491 0.05027932960893855
4 0.730188679245283 0.05772811918063315 0.03962264150943396 0.0223463687150838
4 0.8622641509433963 0.1494413407821229 0.02358490566037736 0.06983240223463687
4 0.8613207547169811 0.3128491620111732 0.016981132075471698 0.09031657355679702
4 0.8622641509433963 0.5633147113594041 0.020754716981132074 0.06797020484171322
4 0.5316037735849056 0.14478584729981378 0.031132075471698113 0.07635009310986965
4 0.5297169811320754 0.30726256983240224 0.017924528301886792 0.054003724394785846
4 0.530188679245283 0.3505586592178771 0.016981132075471698 0.04562383612662942
4 0.5325471698113208 0.547951582867784 0.026415094339622643 0.07635009310986965
4 0.44858490566037734 0.6927374301675978 0.01981132075471698 0.051210428305400374
4 0.45047169811320753 0.8524208566108007 0.020754716981132074 0.056797020484171325
4 0.1957547169811321 0.06005586592178771 0.0660377358490566 0.023277467411545624
4 0.2018867924528302 0.6163873370577281 0.062264150943396226 0.023277467411545624
0 0.23632075471698114 0.4697392923649907 0.062264150943396226 0.07076350093109869
0 0.7028301886792453 0.10707635009310987 0.07924528301886792 0.08752327746741155
0 0.6806603773584906 0.49813780260707635 0.06415094339622641 0.07635009310986965
2 0.6995283018867925 0.33798882681564246 0.3424528301886792 0.5679702048417132
2 0.49150943396226415 0.7732774674115456 0.09245283018867924 0.3165735567970205