2 0.8023584905660377 0.6620111731843575 0.3330188679245283 0.5633147113594041
1 0.785377358490566 0.8026070763500931 0.045283018867924525 0.04562383612662942
1 0.8127358490566038 0.5325884543761639 0.04339622641509434 0.04283054003724395
1 0.8179245283018868 0.49487895716945995 0.04245283018867924 0.04283054003724395
1 0.12075471698113208 0.5484171322160148 0.04905660377358491 0.04189944134078212
1 0.22169811320754718 0.5451582867783985 0.045283018867924525 0.04562383612662942
1 0.27311320754716983 0.4813780260707635 0.04339622641509434 0.051210428305400374
1 0.30424528301886794 0.5339851024208566 0.04622641509433962 0.0595903165735568
1 0.18915094339622643 0.7844506517690876 0.048113207547169815 0.04283054003724395
1 0.1877358490566038 0.952513966480447 0.045283018867924525 0.04562383612662942
1 0.20707547169811322 0.8701117318435754 0.04622641509433962 0.04748603351955307
1 0.24716981132075472 0.861731843575419 0.04245283018867924 0.036312849162011177
1 0.35047169811320755 0.8961824953445066 0.03773584905660377 0.03910614525139665
1 0.36698113207547167 0.7942271880819367 0.03962264150943396 0.04003724394785847
1 0.4 0.7918994413407822 0.040566037735849055 0.04189944134078212
1 0.48160377358490564 0.5889199255121043 0.04622641509433962 0.04189944134078212
1 0.37264150943396224 0.5200186219739292 0.03679245283018868 0.048417132216014895
1 0.5037735849056604 0.3947858472998138 0.045283018867924525 0.054003724394785846
1 0.44952830188679244 0.1424581005586592 0.04905660377358491 0.05027932960893855
4 0.269811320754717 0.9422718808193669 0.03962264150943396 0.0223463687150838
4 0.13773584905660377 0.8505586592178771 0.02358490566037736 0.06983240223463687
4 0.13867924528301886 0.6871508379888268 0.016981132075471698 0.09031657355679702
4 0.13773584905660377 0.4366852886405959 0.020754716981132074 0.06797020484171322
4 0.4683962264150943 0.8552141527001862 0.031132075471698113 0.07635009310986965
4 0.4702830188679245 0.6927374301675978 0.017924528301886792 0.054003724394785846
4 0.469811320754717 0.6494413407821229 0.016981132075471698 0.04562383612662942
4 0.4674528301886792 0.452048417132216 0.026415094339622643 0.07635009310986965
4 0.5514150943396227 0.30726256983240224 0.01981132075471698 0.051210428305400374
4 0.5495283018867925 0.14757914338919925 0.020754716981132074 0.056797020484171325
4 0.8042452830188679 0.9399441340782123 0.0660377358490566 0.023277467411545624
4 0.7981132075471699 0.38361266294227186 0.062264150943396226 0.023277467411545624
0 0.7636792452830189 0.5302607076350093 0.062264150943396226 0.07076350093109869
0 0.2971698113207547 0.8929236499068901 0.07924528301886792 0.08752327746741155
0 0.31933962264150945 0.5018621973929237 0.06415094339622641 0.07635009310986965
2 0.30047169811320756 0.6620111731843575 0.3424528301886792 0.5679702048417132
2 0.5084905660377359 0.22672253258845437 0.09245283018867924 0.3165735567970205