2 0.6639150943396226 0.20165270018621972 0.5705849056603775 0.32861266294227187
1 0.8064292452830188 0.21831471135940408 0.0465 0.04450651769087523
1 0.5330471698113207 0.19119180633147115 0.043679245283018864 0.04310986964618249
1 0.49500000000000005 0.1863221601489758 0.043679245283018864 0.041731843575418995
1 0.5492499999999999 0.8740828677839851 0.04227358490566038 0.04868715083798882
1 0.5457311320754717 0.7746368715083798 0.0465 0.04450651769087523
1 0.48091037735849057 0.7238733705772812 0.052141509433962265 0.04310986964618249
1 0.5344575471698113 0.6932774674115456 0.06059433962264151 0.04590316573556797
1 0.7881132075471697 0.8066247672253258 0.043679245283018864 0.04729050279329609
1 0.958622641509434 0.8080167597765363 0.046509433962264146 0.04450651769087523
1 0.8747783018867924 0.7892411545623836 0.04791509433962264 0.04589385474860335
1 0.8663207547169811 0.7496042830540036 0.036641509433962265 0.041722532588454375
1 0.9015518867924528 0.6473789571694599 0.039462264150943394 0.0375512104283054
1 0.7979764150943396 0.6313873370577281 0.040858490566037735 0.03893854748603352
1 0.7958632075471698 0.5986964618249534 0.04227358490566038 0.04033519553072626
1 0.5901179245283019 0.5180307262569832 0.04227358490566038 0.04589385474860335
1 0.5203679245283019 0.6258193668528864 0.049320754716981136 0.03616387337057728
1 0.3935377358490566 0.4964711359404097 0.05496226415094339 0.04450651769087523
1 0.1377688679245283 0.5500186219739293 0.05072641509433962 0.04867783985102421
4 0.9480566037735849 0.727351024208566 0.022547169811320752 0.038947858472998136
4 0.8550471698113208 0.8573929236499069 0.07045283018867925 0.023649906890130353
4 0.6894669811320754 0.8566992551210428 0.09159433962264152 0.016694599627560522
4 0.4358160377358491 0.8573929236499069 0.06904716981132075 0.020856610800744878
4 0.8599811320754718 0.5312476722532588 0.07750943396226415 0.03059590316573557
4 0.6951037735849056 0.5291620111731844 0.05496226415094339 0.01808193668528864
4 0.6514198113207547 0.5298556797020485 0.0465 0.016694599627560522
4 0.45131603773584905 0.531941340782123 0.0775 0.026433891992551212
4 0.3047594339622642 0.4491852886405959 0.052141509433962265 0.01946927374301676
4 0.14270283018867924 0.45127094972067033 0.05778301886792453 0.020865921787709497
4 0.9459386792452831 0.19953445065176909 0.023952830188679247 0.06536312849162011
4 0.3822641509433962 0.20579143389199253 0.023962264150943394 0.06119180633147114
0 0.5307358490566038 0.23966945996275602 0.07181132075471698 0.06185288640595904
0 0.8982830188679246 0.7003631284916202 0.08879245283018869 0.07860335195530727
0 0.5020094339622642 0.6784543761638734 0.0770377358490566 0.06314711359404096
2 0.6639150943396226 0.6971415270018622 0.575811320754717 0.33763500931098694
2 0.22325 0.49160148975791435 0.3211981132075472 0.09148975791433893