1 0.8077544426494345 0.38995215311004783 0.06623586429725363 0.10047846889952153
0 0.36348949919224555 0.20574162679425836 0.1050080775444265 0.22966507177033493
2 0.44749596122778673 0.4557416267942584 0.7948303715670436 0.7607655502392344
4 0.05411954765751212 0.5944976076555024 0.017770597738287562 0.22727272727272727
4 0.05654281098546042 0.33851674641148327 0.0210016155088853 0.2799043062200957
4 0.8352180936995154 0.4533492822966507 0.01615508885298869 0.0430622009569378
4 0.8336025848142165 0.21411483253588517 0.017770597738287562 0.2679425837320574
1 0.38126009693053314 0.8672248803827751 0.0630048465266559 0.09569377990430622
1 0.38287560581583197 0.7858851674641149 0.0630048465266559 0.09808612440191387
1 0.29079159935379645 0.5322966507177034 0.061389337641357025 0.0861244019138756
1 0.2560581583198708 0.423444976076555 0.07108239095315025 0.0861244019138756
1 0.27867528271405495 0.3492822966507177 0.05331179321486268 0.08133971291866028
1 0.3877221324717286 0.35167464114832536 0.050080775444264945 0.09090909090909091
1 0.44507269789983844 0.41866028708133973 0.06785137318255251 0.09569377990430622
1 0.864297253634895 0.3911483253588517 0.07592891760904685 0.09569377990430622