1 0.5735056542810986 0.04665071770334928 0.06785137318255251 0.09330143540669857
0 0.6987075928917609 0.7021531100478469 0.15508885298869143 0.15550239234449761
2 0.529886914378029 0.5 0.5137318255250404 1
4 0.531502423263328 0.007177033492822967 0.029079159935379646 0.014354066985645933
4 0.6930533117932148 0.009569377990430622 0.18093699515347333 0.019138755980861243
1 0.2520193861066236 0.6758373205741627 0.06462035541195477 0.09330143540669857
1 0.3069466882067851 0.6734449760765551 0.06623586429725363 0.09330143540669857
1 0.4781906300484653 0.8098086124401914 0.05815831987075929 0.09090909090909091
1 0.5525040387722132 0.861244019138756 0.05815831987075929 0.10526315789473684
1 0.6017770597738288 0.8277511961722488 0.05492730210016155 0.07894736842105263
1 0.6001615508885298 0.666267942583732 0.061389337641357025 0.07416267942583732
1 0.5549273021001615 0.5813397129186603 0.06462035541195477 0.10047846889952153