4 0.43923865300146414 0.17921146953405018 0.14202049780380674 0.021505376344086023
4 0.6947291361639825 0.17652329749103943 0.13323572474377746 0.025089605734767026
4 0.8440702781844802 0.17921146953405018 0.07320644216691069 0.025089605734767026
1 0.8089311859443631 0.8897849462365591 0.0629575402635432 0.0931899641577061
1 0.8089311859443631 0.7777777777777778 0.0629575402635432 0.08781362007168458
1 0.8301610541727672 0.6944444444444444 0.06881405563689605 0.07526881720430108
1 0.3557833089311859 0.6550179211469535 0.06149341142020498 0.08422939068100359
1 0.21961932650073207 0.6998207885304659 0.05417276720351391 0.06630824372759857
1 0.26061493411420206 0.5152329749103942 0.060029282576866766 0.05734767025089606
1 0.2730600292825769 0.5860215053763441 0.07027818448023426 0.07706093189964158
1 0.3462664714494876 0.44265232974910396 0.06442166910688141 0.07885304659498207
1 0.2730600292825769 0.4453405017921147 0.0629575402635432 0.08064516129032258
1 0.34333821376281115 0.15232974910394265 0.0629575402635432 0.08243727598566308
1 0.7855051244509517 0.15232974910394265 0.0629575402635432 0.07347670250896057
2 0.7628111273792094 0.5161290322580645 0.4143484626647145 0.6953405017921147
2 0.31332357247437775 0.5170250896057348 0.4128843338213763 0.7025089605734767
3 0.931918008784773 0.5439068100358423 0.0629575402635432 0.14516129032258066
3 0.9048316251830161 0.5815412186379928 0.11859443631039532 0.07706093189964158
3 0.45241581259150804 0.510752688172043 0.11566617862371889 0.07347670250896057
3 0.4538799414348463 0.5842293906810035 0.11273792093704246 0.07168458781362007
0 0.18594436310395315 0.6353046594982079 0.1390922401171303 0.16308243727598568
4 0.8938506588579795 0.8575268817204301 0.05124450951683748 0.026881720430107527
4 0.4011713030746706 0.8584229390681004 0.12298682284040996 0.025089605734767026
4 0.17276720351390923 0.8575268817204301 0.05417276720351391 0.02867383512544803
4 0.6515373352855052 0.8611111111111112 0.1376281112737921 0.02867383512544803
4 0.19692532942898974 0.17831541218637992 0.11859443631039532 0.03046594982078853
0 0.9077598828696926 0.7401433691756273 0.10395314787701318 0.2222222222222222