4 0.23792093704245973 0.42562724014336917 0.017569546120058566 0.17383512544802868
4 0.23572474377745242 0.7383512544802867 0.020497803806734993 0.16308243727598568
4 0.23792093704245973 0.921146953405018 0.020497803806734993 0.08960573476702509
1 0.8184480234260615 0.8781362007168458 0.07613469985358712 0.07706093189964158
1 0.7269399707174231 0.8781362007168458 0.07174231332357248 0.07706093189964158
1 0.6588579795021962 0.9041218637992832 0.06149341142020498 0.08422939068100359
1 0.6266471449487555 0.3234767025089606 0.06881405563689605 0.07526881720430108
1 0.6632503660322109 0.15681003584229392 0.05417276720351391 0.06630824372759857
1 0.5124450951683748 0.20698924731182797 0.04685212298682284 0.07347670250896057
1 0.5702781844802343 0.2222222222222222 0.0629575402635432 0.08602150537634409
1 0.45314787701317716 0.3118279569892473 0.06442166910688141 0.07885304659498207
1 0.45534407027818447 0.2222222222222222 0.06588579795021962 0.07706093189964158
1 0.21595900439238652 0.30824372759856633 0.06734992679355783 0.07706093189964158
1 0.21595900439238652 0.8494623655913979 0.060029282576866766 0.07706093189964158
2 0.5124450951683748 0.7840501792114696 0.568081991215227 0.43189964157706096
2 0.513909224011713 0.271505376344086 0.5739385065885798 0.5053763440860215
3 0.5658857979502196 0.9614695340501792 0.0629575402635432 0.07706093189964158
3 0.5087847730600292 0.44175627240143367 0.060029282576866766 0.14157706093189965
3 0.568814055636896 0.4435483870967742 0.05856515373352855 0.13799283154121864
0 0.6105417276720352 0.11559139784946236 0.13323572474377746 0.17025089605734767
4 0.7913616398243045 0.974910394265233 0.021961932650073207 0.05017921146953405
4 0.7928257686676428 0.3790322580645161 0.020497803806734993 0.15053763440860216
4 0.7920937042459737 0.09946236559139784 0.02342606149341142 0.06630824372759857
4 0.7950219619326501 0.6854838709677419 0.02342606149341142 0.16845878136200718
4 0.23718887262079064 0.12903225806451613 0.024890190336749635 0.14516129032258066
0 0.6954612005856515 0.967741935483871 0.1815519765739385 0.06451612903225806