4 0.3183262711864407 0.17137096774193547 0.149364406779661 0.02956989247311828
4 0.19809322033898305 0.08870967741935484 0.019067796610169493 0.1774193548387097
4 0.4698093220338983 0.08736559139784947 0.022245762711864406 0.17473118279569894
4 0.645656779661017 0.17271505376344087 0.2489406779661017 0.03494623655913978
4 0.8585805084745762 0.8400537634408602 0.025423728813559324 0.23521505376344087
1 0.4253177966101695 0.12634408602150538 0.07733050847457627 0.11290322580645161
1 0.4242584745762712 0.21505376344086022 0.07733050847457627 0.11155913978494623
1 0.163135593220339 0.7903225806451613 0.08792372881355932 0.10752688172043011
1 0.2309322033898305 0.790994623655914 0.0858050847457627 0.10618279569892473
1 0.329978813559322 0.8091397849462365 0.07521186440677965 0.08602150537634409
1 0.4274364406779661 0.6270161290322581 0.07309322033898305 0.10483870967741936
1 0.558792372881356 0.6270161290322581 0.06991525423728813 0.10215053763440861
1 0.621292372881356 0.7123655913978495 0.07415254237288135 0.09005376344086022
2 0.527542372881356 0.5799731182795699 0.6758474576271186 0.8400537634408602
0 0.4364406779661017 0.8870967741935484 0.16101694915254236 0.22580645161290322