4 0.7592002118644069 0.7301814516129033 0.02301906779661017 0.1891532258064516
4 0.838114406779661 0.8824798387096774 0.16771186440677965 0.02364247311827957
4 0.9148516949152542 0.7072311827956989 0.012055084745762713 0.363010752688172
4 0.8364724576271186 0.5382459677419356 0.16004237288135595 0.027809139784946237
4 0.7580985169491525 0.31502016129032256 0.027404661016949154 0.3157123655913978
4 0.2319438559322034 0.04520161290322581 0.18524364406779661 0.03198924731182796
1 0.7942743644067796 0.5945766129032258 0.08878177966101695 0.09875
1 0.7246716101694916 0.5959610215053764 0.0876906779661017 0.09875
1 0.2714088983050848 0.9276747311827956 0.08440677966101695 0.11126344086021506
1 0.2708580508474576 0.8414448924731183 0.08330508474576272 0.10848118279569892
1 0.25661016949152543 0.7155779569892473 0.06796610169491525 0.09596774193548388
1 0.3996557203389831 0.5917943548387097 0.08221398305084746 0.09318548387096774
1 0.3996610169491525 0.42559139784946237 0.08002118644067797 0.08900537634408602
1 0.33279661016949147 0.3463104838709677 0.07125000000000001 0.09458333333333334
2 0.4215783898305085 0.4652284946236559 0.6916737288135594 0.8581451612903226
0 0.18590572033898306 0.5806653225806452 0.19621822033898303 0.2044489247311828