4 0.6816737288135594 0.17137096774193547 0.149364406779661 0.02956989247311828
4 0.8008474576271186 0.08870967741935484 0.019067796610169493 0.1774193548387097
4 0.5301906779661016 0.08736559139784947 0.022245762711864406 0.17473118279569894
4 0.3543432203389831 0.17271505376344087 0.2489406779661017 0.03494623655913978
4 0.14141949152542374 0.8400537634408602 0.025423728813559324 0.23521505376344087
1 0.5746822033898306 0.12634408602150538 0.07733050847457627 0.11290322580645161
1 0.5757415254237288 0.21505376344086022 0.07733050847457627 0.11155913978494623
1 0.836864406779661 0.7903225806451613 0.08792372881355932 0.10752688172043011
1 0.7690677966101694 0.790994623655914 0.0858050847457627 0.10618279569892473
1 0.670021186440678 0.8091397849462365 0.07521186440677965 0.08602150537634409
1 0.5725635593220338 0.6270161290322581 0.07309322033898305 0.10483870967741936
1 0.4412076271186441 0.6270161290322581 0.06991525423728813 0.10215053763440861
1 0.3787076271186441 0.7123655913978495 0.07415254237288135 0.09005376344086022
2 0.4724576271186441 0.5799731182795699 0.6758474576271186 0.8400537634408602
0 0.5635593220338984 0.8870967741935484 0.16101694915254236 0.22580645161290322