4 0.9557956777996071 0.7280071813285458 0.029469548133595286 0.19389587073608616
2 0.48428290766208254 0.4622980251346499 0.9685658153241651 0.8061041292639138
1 0.38212180746561886 0.2791741472172352 0.07662082514734773 0.06463195691202872
4 0.9567779960707269 0.17145421903052063 0.03732809430255403 0.19748653500897667
4 0.9538310412573674 0.34201077199281865 0.0412573673870334 0.16337522441651706
4 0.9538310412573674 0.49012567324955114 0.047151277013752456 0.15798922800718132
1 0.9675834970530451 0.6005385996409336 0.06483300589390963 0.07360861759425494
1 0.5176817288801572 0.7630161579892281 0.07858546168958742 0.06642728904847396
1 0.412573673870334 0.6059245960502693 0.07269155206286837 0.07719928186714542
1 0.27013752455795675 0.6624775583482945 0.07465618860510806 0.07540394973070018
1 0.1512770137524558 0.5843806104129264 0.07465618860510806 0.05206463195691203
1 0.22102161100196463 0.5080789946140036 0.07269155206286837 0.08258527827648116
1 0.03732809430255403 0.5843806104129264 0.07465618860510806 0.05565529622980251
1 0.28094302554027506 0.28186714542190305 0.07858546168958742 0.05565529622980251
0 0.4960707269155206 0.3590664272890485 0.16699410609037327 0.22621184919210055
0 0.3988212180746562 0.6795332136445242 0.1650294695481336 0.0807899461400359