4 0.7496758349705305 0.08340215439856373 0.2130648330058939 0.027809694793536805
2 0.45973477406679764 0.529165170556553 0.881237721021611 0.9137701974865351
1 0.25807465618860514 0.607737881508079 0.07001964636542239 0.06955116696588869
4 0.14088408644400788 0.0827019748653501 0.21611001964636542 0.03477558348294434
4 0.32732809430255405 0.08549371633752244 0.1780746561886051 0.037558348294434475
4 0.48942043222003934 0.08548473967684021 0.17349705304518664 0.043105924596050275
4 0.7458742632612967 0.9770017953321364 0.14459724950884084 0.03475763016157989
4 0.4399410609037328 0.9742190305206463 0.15980353634577604 0.026427289048473968
4 0.21317288801571707 0.9756104129263913 0.15675834970530453 0.029210053859964093
1 0.6104125736738705 0.055592459605026935 0.08066797642436149 0.09179533213644525
1 0.787721021611002 0.4839587073608618 0.07304518664047151 0.07233393177737882
1 0.6157367387033399 0.5799281867145422 0.08522593320235756 0.0667504488330341
1 0.6781434184675835 0.7099640933572712 0.08218074656188605 0.0681508078994614
1 0.5921512770137524 0.8184560143626571 0.05632612966601179 0.0681508078994614
1 0.5091944990176818 0.7551705565529623 0.09131630648330058 0.0667504488330341
1 0.5929174852652259 0.9304129263913824 0.060884086444007855 0.08344703770197485
1 0.26111984282907663 0.7002244165170556 0.06086444007858546 0.07093357271095152
0 0.3455893909626719 0.5034290843806104 0.2480746561886051 0.15299820466786354
0 0.6964047151277014 0.5924416517055655 0.08829076620825146 0.15019748653500897