4 0.9557956777996071 0.2719928186714542 0.029469548133595286 0.19389587073608616
2 0.48428290766208254 0.5359066427289049 0.9685658153241651 0.8061041292639138
1 0.38212180746561886 0.7208258527827648 0.07662082514734773 0.06463195691202872
4 0.9567779960707269 0.8285457809694794 0.03732809430255403 0.19748653500897667
4 0.9538310412573674 0.6579892280071813 0.0412573673870334 0.16337522441651706
4 0.9538310412573674 0.5098743267504489 0.047151277013752456 0.15798922800718132
1 0.9675834970530451 0.3994614003590664 0.06483300589390963 0.07360861759425494
1 0.5176817288801572 0.236983842010772 0.07858546168958742 0.06642728904847396
1 0.412573673870334 0.3940754039497307 0.07269155206286837 0.07719928186714542
1 0.27013752455795675 0.3375224416517056 0.07465618860510806 0.07540394973070018
1 0.1512770137524558 0.4156193895870736 0.07465618860510806 0.05206463195691203
1 0.22102161100196463 0.4919210053859964 0.07269155206286837 0.08258527827648116
1 0.03732809430255403 0.4138240574506284 0.07465618860510806 0.05565529622980251
1 0.28094302554027506 0.718132854578097 0.07858546168958742 0.05565529622980251
0 0.4960707269155206 0.6409335727109515 0.16699410609037327 0.22621184919210055
0 0.3988212180746562 0.32046678635547576 0.1650294695481336 0.0807899461400359