4 0.03411513859275053 0.400489396411093 0.05543710021321962 0.08809135399673736
1 0.767590618336887 0.5693311582381729 0.07462686567164178 0.0636215334420881
1 0.5469083155650319 0.6721044045676998 0.08528784648187633 0.06199021207177814
1 0.5767590618336887 0.5179445350734094 0.08102345415778252 0.0636215334420881
1 0.5682302771855011 0.32381729200652526 0.0767590618336887 0.06851549755301795
1 0.4605543710021322 0.5187601957585645 0.07036247334754797 0.06035889070146819
1 0.0255863539445629 0.48776508972267535 0.0511727078891258 0.06199021207177814
1 0.1652452025586354 0.564437194127243 0.07889125799573561 0.06525285481239804
4 0.5970149253731343 0.7936378466557912 0.08102345415778252 0.03915171288743882
4 0.4211087420042644 0.7911908646003263 0.06183368869936034 0.040783034257748776
4 0.9669509594882729 0.34094616639477976 0.05970149253731343 0.18433931484502447
4 0.031982942430703626 0.28548123980424145 0.0511727078891258 0.1272430668841762
1 0.7430703624733476 0.46737357259380097 0.0767590618336887 0.06525285481239804
1 0.9701492537313433 0.49429037520391517 0.05970149253731343 0.06525285481239804
1 0.837953091684435 0.5032626427406199 0.07889125799573561 0.053833605220228384
2 0.5 0.49592169657422513 1 0.6101141924959217
0 0.5298507462686567 0.25122349102773245 0.16417910447761194 0.09135399673735727