4 0.3699360341151386 0.14355628058727568 0.11513859275053305 0.04241435562805873
1 0.5906183368869936 0.7047308319738989 0.08315565031982942 0.057096247960848286
1 0.7249466950959488 0.535889070146819 0.08102345415778252 0.06525285481239804
1 0.523454157782516 0.5587275693311582 0.08315565031982942 0.06199021207177814
1 0.2697228144989339 0.5522022838499184 0.08955223880597014 0.05872756933115824
1 0.5245202558635395 0.4698205546492659 0.07889125799573561 0.053833605220228384
1 0.48507462686567165 0.11827079934747145 0.08102345415778252 0.07830342577487764
1 0.5842217484008528 0.24388254486133767 0.08528784648187633 0.06035889070146819
4 0.8837953091684435 0.5742251223491027 0.0511727078891258 0.06199021207177814
4 0.8805970149253731 0.4396411092985318 0.053304904051172705 0.04730831973898858
4 0.685501066098081 0.9518760195758564 0.1791044776119403 0.04567699836867863
4 0.2921108742004264 0.8572593800978793 0.24093816631130063 0.04567699836867863
4 0.21961620469083157 0.14192495921696574 0.16631130063965885 0.03915171288743882
1 0.4573560767590618 0.6859706362153344 0.08528784648187633 0.05872756933115824
4 0.6823027718550106 0.04567699836867863 0.14925373134328357 0.03588907014681892
1 0.4936034115138593 0.8768352365415987 0.08528784648187633 0.0799347471451876
1 0.5042643923240938 0.7585644371941273 0.07036247334754797 0.06035889070146819
2 0.4957356076759062 0.49755301794453505 0.7974413646055437 0.9298531810766721
0 0.17484008528784648 0.5228384991843393 0.11940298507462686 0.12561174551386622