4 0.6299040511727079 0.1432626427406199 0.11452025586353945 0.041729200652528546
1 0.40904051172707884 0.7044616639477977 0.08362473347547975 0.057014681892332796
1 0.27542643923240934 0.5361745513866232 0.08181236673773987 0.06536704730831974
1 0.47628997867803835 0.5591272430668842 0.08362473347547975 0.06119086460032626
1 0.7298827292110874 0.5521696574225121 0.08906183368869937 0.058401305057096245
1 0.4753944562899786 0.46942088091353995 0.07816631130063965 0.054241435562805876
1 0.5144669509594882 0.1182300163132137 0.07997867803837953 0.07789559543230017
1 0.4154051172707889 0.24410277324632956 0.08543710021321961 0.05982055464926591
4 0.11636460554371003 0.5744208809135399 0.0508955223880597 0.061207177814029366
4 0.11908315565031984 0.4395187601957586 0.05270788912579957 0.04729200652528548
4 0.3145095948827292 0.952030995106036 0.17814498933901918 0.04588907014681892
4 0.7080703624733475 0.8574551386623165 0.24176972281449893 0.04590538336052202
4 0.7798720682302772 0.14187601957585644 0.1672494669509595 0.038955954323001626
1 0.5426545842217484 0.6856851549755303 0.08543710021321961 0.05841761827079935
4 0.31813432835820893 0.04591353996737357 0.14906183368869935 0.03616639477977162
1 0.5062793176972281 0.8769249592169657 0.08543710021321961 0.07926590538336052
1 0.4953837953091685 0.758711256117455 0.0708955223880597 0.0598042414355628
2 0.5044776119402985 0.49723491027732464 0.7980383795309168 0.9304567699836868
0 0.825319829424307 0.5229608482871125 0.11997867803837954 0.12517128874388256