4 0.3420081967213115 0.40263313609467455 0.020049180327868853 0.02920118343195266
4 0.3420081967213115 0.4325369822485208 0.020049180327868853 0.03616863905325444
4 0.5053852459016394 0.3769082840236686 0.013885245901639346 0.036153846153846154
4 0.5038442622950821 0.40472633136094677 0.016967213114754097 0.03060650887573965
4 0.5038442622950821 0.43184171597633136 0.016967213114754097 0.03199704142011834
4 0.49151639344262293 0.4506213017751479 0.03237704918032787 0.01668639053254438
4 0.46222950819672126 0.44923076923076927 0.03236065573770491 0.013905325443786982
4 0.43602459016393447 0.4506213017751479 0.03854098360655738 0.019467455621301775
4 0.40751639344262297 0.4506213017751479 0.033918032786885245 0.019467455621301775
4 0.6780081967213114 0.08066568047337279 0.0570327868852459 0.01668639053254438
4 0.8352213114754098 0.08275147928994084 0.06011475409836066 0.01529585798816568
4 0.9415737704918034 0.22530325443786983 0.0200327868852459 0.07788461538461539
4 0.7604672131147541 0.36230769230769233 0.058573770491803276 0.018076923076923077
4 0.5647295081967212 0.22391272189349115 0.024672131147540986 0.09178994082840236
4 0.7381229508196722 0.6077810650887574 0.029295081967213116 0.04727810650887574
4 0.6317704918032787 0.5660576923076923 0.04468852459016394 0.016701183431952663
4 0.5547131147540983 0.5667529585798816 0.05086885245901639 0.023653846153846154
4 0.4213852459016394 0.5667529585798816 0.07398360655737705 0.02643491124260355
4 0.3674426229508197 0.6335133136094675 0.02465573770491803 0.03477810650887574
4 0.3674426229508197 0.7461686390532545 0.02773770491803279 0.03754437869822485
4 0.5331311475409836 0.8351849112426036 0.050852459016393445 0.023653846153846154
4 0.7427459016393443 0.881775147928994 0.02621311475409836 0.050059171597633144
1 0.30655737704918035 0.12517011834319525 0.02619672131147541 0.03060650887573965
1 0.31888524590163936 0.294844674556213 0.03544262295081967 0.038949704142011835
1 0.28497540983606556 0.31362426035502955 0.047786885245901634 0.03754437869822485
1 0.5816803278688525 0.13420857988165683 0.024672131147540986 0.02643491124260355
1 0.6140491803278688 0.13420857988165683 0.02465573770491803 0.02643491124260355
1 0.6402459016393441 0.1328180473372781 0.02465573770491803 0.029215976331360947
1 0.672622950819672 0.1328180473372781 0.030819672131147544 0.03199704142011834
1 0.7173114754098361 0.15298816568047338 0.0400655737704918 0.036153846153846154
1 0.8144180327868853 0.13212278106508876 0.033918032786885245 0.03338757396449704
1 0.8521803278688526 0.23434911242603548 0.04777049180327869 0.03754437869822485
1 0.7481393442622951 0.27398668639053253 0.033918032786885245 0.03616863905325444
1 0.6880327868852459 0.28858727810650886 0.04931147540983606 0.04034023668639053
1 0.7157704918032786 0.3456139053254438 0.03698360655737705 0.03199704142011834
1 0.8259754098360655 0.28997781065088757 0.041622950819672135 0.03755917159763314
1 0.5978606557377049 0.5917899408284024 0.04470491803278689 0.03754437869822485
1 0.6803196721311475 0.6675887573964497 0.043163934426229504 0.044497041420118344
1 0.6302377049180328 0.6696745562130177 0.047786885245901634 0.04310650887573965
1 0.5955491803278689 0.7113979289940828 0.043163934426229504 0.03477810650887574
1 0.45991803278688526 0.7273964497041421 0.04622950819672131 0.04171597633136095
1 0.49999180327868853 0.7301775147928995 0.05240983606557377 0.04171597633136095
1 0.5909262295081967 0.7795488165680474 0.05549180327868853 0.043121301775147926
1 0.6078852459016394 0.8560428994082839 0.05239344262295082 0.051464497041420115
1 0.4499016393442623 0.8553476331360947 0.050852459016393445 0.05841715976331361
1 0.4036639344262295 0.8511760355029585 0.04470491803278689 0.05841715976331361
1 0.3728360655737705 0.4700961538461539 0.04777049180327869 0.055636094674556213
1 0.6710737704918033 0.6300369822485208 0.04932786885245902 0.038949704142011835
4 0.20713934426229508 0.3588239644970414 0.10172131147540983 0.027825443786982245
4 0.12468852459016391 0.1467233727810651 0.02619672131147541 0.08205621301775148
4 0.4082868852459017 0.07857248520710058 0.11867213114754098 0.023653846153846154
4 0.30116393442622946 0.3588313609467456 0.05239344262295082 0.019467455621301775
4 0.33969672131147544 0.37412721893491124 0.018508196721311473 0.036153846153846154
2 0.3150409836065574 0.2614644970414201 0.39457377049180326 0.3894378698224852
2 0.7535327868852458 0.2218343195266272 0.3930327868852459 0.2990236686390532
2 0.5547131147540983 0.7475591715976332 0.3930327868852459 0.3824852071005917
3 0.46454918032786885 0.3087573964497041 0.08014754098360656 0.09458579881656805
3 0.43987704918032783 0.4777440828402367 0.08939344262295082 0.04868343195266272
3 0.8760655737704918 0.2892825443786982 0.1263934426229508 0.04451183431952663
3 0.9122868852459016 0.3122337278106509 0.06011475409836066 0.09319526627218935
3 0.6995901639344262 0.7962352071005917 0.06318032786885246 0.08483727810650887