4 0.3918032786885246 0.3572485207100592 0.03278688524590164 0.01775147928994083
4 0.42540983606557375 0.3572485207100592 0.03934426229508197 0.01775147928994083
4 0.3639344262295082 0.5051775147928994 0.03934426229508197 0.011834319526627219
4 0.3942622950819672 0.503698224852071 0.03442622950819672 0.014792899408284023
4 0.4245901639344262 0.503698224852071 0.036065573770491806 0.014792899408284023
4 0.44508196721311477 0.492603550295858 0.018032786885245903 0.029585798816568046
4 0.44344262295081965 0.46597633136094674 0.014754098360655738 0.029585798816568046
4 0.44508196721311477 0.4423076923076923 0.021311475409836064 0.03550295857988166
4 0.44508196721311477 0.41642011834319526 0.021311475409836064 0.03106508875739645
4 0.03524590163934426 0.6605029585798816 0.018032786885245903 0.051775147928994084
4 0.03770491803278689 0.8025147928994083 0.01639344262295082 0.05473372781065089
4 0.1959016393442623 0.8986686390532544 0.08688524590163935 0.01775147928994083
4 0.3475409836065574 0.735207100591716 0.019672131147540985 0.05325443786982249
4 0.1942622950819672 0.5584319526627219 0.10163934426229508 0.022189349112426034
4 0.6196721311475409 0.7152366863905325 0.05245901639344262 0.026627218934911243
4 0.5729508196721311 0.6190828402366864 0.018032786885245903 0.03994082840236687
4 0.5737704918032787 0.5495562130177515 0.02622950819672131 0.04585798816568047
4 0.5737704918032787 0.4289940828402367 0.029508196721311476 0.06656804733727811
4 0.648360655737705 0.3801775147928994 0.03934426229508197 0.022189349112426034
4 0.7729508196721312 0.3801775147928994 0.040983606557377046 0.02514792899408284
4 0.8713114754098361 0.5295857988165681 0.02622950819672131 0.04585798816568047
4 0.9229508196721311 0.7189349112426036 0.05573770491803279 0.023668639053254437
1 0.08442622950819673 0.3254437869822485 0.03442622950819672 0.023668639053254437
1 0.27295081967213114 0.33653846153846156 0.04262295081967213 0.03254437869822485
1 0.2934426229508197 0.3062130177514793 0.040983606557377046 0.042899408284023666
1 0.0942622950819672 0.5739644970414202 0.029508196721311476 0.022189349112426034
1 0.0942622950819672 0.602810650887574 0.029508196721311476 0.022189349112426034
1 0.09344262295081968 0.6264792899408284 0.03278688524590164 0.022189349112426034
1 0.09344262295081968 0.6560650887573964 0.036065573770491806 0.028106508875739646
1 0.11557377049180328 0.6960059171597633 0.03934426229508197 0.03550295857988166
1 0.09262295081967213 0.7840236686390533 0.03770491803278689 0.03106508875739645
1 0.20573770491803278 0.8180473372781065 0.040983606557377046 0.042899408284023666
1 0.24918032786885247 0.724112426035503 0.03934426229508197 0.03106508875739645
1 0.26557377049180325 0.6693786982248521 0.04426229508196721 0.04437869822485207
1 0.32868852459016396 0.6945266272189349 0.036065573770491806 0.034023668639053255
1 0.26721311475409837 0.7943786982248521 0.040983606557377046 0.03698224852071006
1 0.601639344262295 0.5880177514792899 0.040983606557377046 0.03994082840236687
1 0.6860655737704918 0.6627218934911243 0.04918032786885246 0.038461538461538464
1 0.6877049180327869 0.617603550295858 0.047540983606557376 0.042899408284023666
1 0.7344262295081967 0.5865384615384616 0.03934426229508197 0.038461538461538464
1 0.7516393442622951 0.46375739644970415 0.04590163934426229 0.04142011834319527
1 0.7549180327868853 0.5 0.04590163934426229 0.047337278106508875
1 0.8098360655737705 0.5821005917159763 0.047540983606557376 0.05029585798816568
1 0.8942622950819672 0.5976331360946746 0.05737704918032787 0.047337278106508875
1 0.8934426229508197 0.45488165680473375 0.06393442622950819 0.04585798816568047
1 0.889344262295082 0.41272189349112426 0.06393442622950819 0.03994082840236687
1 0.4672131147540984 0.3853550295857988 0.06229508196721312 0.042899408284023666
1 0.6442622950819672 0.6545857988165681 0.04262295081967213 0.04437869822485207
4 0.3434426229508197 0.2359467455621302 0.03114754098360656 0.09171597633136094
4 0.10819672131147541 0.16124260355029585 0.09016393442622951 0.023668639053254437
4 0.03278688524590164 0.4171597633136095 0.02622950819672131 0.10650887573964497
4 0.3434426229508197 0.3202662721893491 0.021311475409836064 0.047337278106508875
4 0.36065573770491804 0.35502958579881655 0.03934426229508197 0.016272189349112426
2 0.2360655737704918 0.3328402366863905 0.4311475409836066 0.35650887573964496
2 0.1918032786885246 0.7285502958579881 0.33114754098360655 0.35502958579881655
2 0.7745901639344263 0.5495562130177515 0.4245901639344262 0.35502958579881655
3 0.28770491803278686 0.4681952662721893 0.10491803278688525 0.07248520710059171
3 0.47540983606557374 0.4460059171597633 0.054098360655737705 0.08136094674556213
3 0.26639344262295084 0.8394970414201184 0.04918032786885246 0.11390532544378698
3 0.29180327868852457 0.8720414201183432 0.10327868852459017 0.05473372781065089
3 0.828688524590164 0.6804733727810651 0.09344262295081968 0.057692307692307696