4 0.6081967213114754 0.6427514792899408 0.03278688524590164 0.01775147928994083
4 0.5745901639344262 0.6427514792899408 0.03934426229508197 0.01775147928994083
4 0.6360655737704918 0.4948224852071006 0.03934426229508197 0.011834319526627219
4 0.6057377049180328 0.496301775147929 0.03442622950819672 0.014792899408284023
4 0.5754098360655737 0.496301775147929 0.036065573770491806 0.014792899408284023
4 0.5549180327868852 0.507396449704142 0.018032786885245903 0.029585798816568046
4 0.5565573770491803 0.5340236686390533 0.014754098360655738 0.029585798816568046
4 0.5549180327868852 0.5576923076923077 0.021311475409836064 0.03550295857988166
4 0.5549180327868852 0.5835798816568047 0.021311475409836064 0.03106508875739645
4 0.9647540983606557 0.33949704142011833 0.018032786885245903 0.051775147928994084
4 0.9622950819672131 0.19748520710059173 0.01639344262295082 0.05473372781065089
4 0.8040983606557377 0.10133136094674557 0.08688524590163935 0.01775147928994083
4 0.6524590163934426 0.26479289940828404 0.019672131147540985 0.05325443786982249
4 0.8057377049180328 0.4415680473372781 0.10163934426229508 0.022189349112426034
4 0.380327868852459 0.28476331360946744 0.05245901639344262 0.026627218934911243
4 0.42704918032786887 0.3809171597633136 0.018032786885245903 0.03994082840236687
4 0.4262295081967213 0.4504437869822485 0.02622950819672131 0.04585798816568047
4 0.4262295081967213 0.5710059171597633 0.029508196721311476 0.06656804733727811
4 0.3516393442622951 0.6198224852071006 0.03934426229508197 0.022189349112426034
4 0.22704918032786886 0.6198224852071006 0.040983606557377046 0.02514792899408284
4 0.12868852459016394 0.47041420118343197 0.02622950819672131 0.04585798816568047
4 0.07704918032786885 0.28106508875739644 0.05573770491803279 0.023668639053254437
1 0.9155737704918033 0.6745562130177515 0.03442622950819672 0.023668639053254437
1 0.7270491803278688 0.6634615384615384 0.04262295081967213 0.03254437869822485
1 0.7065573770491803 0.6937869822485208 0.040983606557377046 0.042899408284023666
1 0.9057377049180327 0.4260355029585799 0.029508196721311476 0.022189349112426034
1 0.9057377049180327 0.39718934911242604 0.029508196721311476 0.022189349112426034
1 0.9065573770491804 0.3735207100591716 0.03278688524590164 0.022189349112426034
1 0.9065573770491804 0.34393491124260356 0.036065573770491806 0.028106508875739646
1 0.8844262295081967 0.3039940828402367 0.03934426229508197 0.03550295857988166
1 0.9073770491803279 0.21597633136094674 0.03770491803278689 0.03106508875739645
1 0.7942622950819672 0.1819526627218935 0.040983606557377046 0.042899408284023666
1 0.7508196721311475 0.27588757396449703 0.03934426229508197 0.03106508875739645
1 0.7344262295081967 0.3306213017751479 0.04426229508196721 0.04437869822485207
1 0.671311475409836 0.30547337278106507 0.036065573770491806 0.034023668639053255
1 0.7327868852459016 0.20562130177514792 0.040983606557377046 0.03698224852071006
1 0.3983606557377049 0.4119822485207101 0.040983606557377046 0.03994082840236687
1 0.3139344262295082 0.33727810650887574 0.04918032786885246 0.038461538461538464
1 0.3122950819672131 0.382396449704142 0.047540983606557376 0.042899408284023666
1 0.26557377049180325 0.41346153846153844 0.03934426229508197 0.038461538461538464
1 0.2483606557377049 0.5362426035502958 0.04590163934426229 0.04142011834319527
1 0.24508196721311476 0.5 0.04590163934426229 0.047337278106508875
1 0.1901639344262295 0.41789940828402367 0.047540983606557376 0.05029585798816568
1 0.10573770491803279 0.40236686390532544 0.05737704918032787 0.047337278106508875
1 0.10655737704918032 0.5451183431952663 0.06393442622950819 0.04585798816568047
1 0.11065573770491803 0.5872781065088757 0.06393442622950819 0.03994082840236687
1 0.5327868852459017 0.6146449704142012 0.06229508196721312 0.042899408284023666
1 0.3557377049180328 0.34541420118343197 0.04262295081967213 0.04437869822485207
4 0.6565573770491804 0.7640532544378699 0.03114754098360656 0.09171597633136094
4 0.8918032786885246 0.8387573964497042 0.09016393442622951 0.023668639053254437
4 0.9672131147540983 0.5828402366863905 0.02622950819672131 0.10650887573964497
4 0.6565573770491804 0.6797337278106509 0.021311475409836064 0.047337278106508875
4 0.639344262295082 0.6449704142011834 0.03934426229508197 0.016272189349112426
2 0.7639344262295082 0.6671597633136095 0.4311475409836066 0.35650887573964496
2 0.8081967213114755 0.27144970414201186 0.33114754098360655 0.35502958579881655
2 0.22540983606557377 0.4504437869822485 0.4245901639344262 0.35502958579881655
3 0.7122950819672131 0.5318047337278107 0.10491803278688525 0.07248520710059171
3 0.5245901639344263 0.5539940828402367 0.054098360655737705 0.08136094674556213
3 0.7336065573770492 0.16050295857988164 0.04918032786885246 0.11390532544378698
3 0.7081967213114754 0.1279585798816568 0.10327868852459017 0.05473372781065089
3 0.17131147540983607 0.31952662721893493 0.09344262295081968 0.057692307692307696