0 0.7735849056603774 0.4798087141339001 0.1710691823899371 0.1806588735387885
2 0.5169811320754717 0.546758767268863 0.7320754716981132 0.6036131774707758
1 0.4610062893081761 0.7109458023379384 0.07421383647798742 0.0669500531349628
1 0.660377358490566 0.5446333687566419 0.08427672955974842 0.05100956429330499
4 0.30566037735849055 0.8374070138150903 0.1421383647798742 0.039319872476089264
1 0.6496855345911949 0.4819341126461211 0.06918238993710692 0.06269925611052073
1 0.8352201257861636 0.41445270988310307 0.06792452830188679 0.06376195536663125
4 0.449685534591195 0.8379383634431455 0.04779874213836478 0.028692879914984058
4 0.7955974842767296 0.2561105207226355 0.10314465408805032 0.030818278427205102
4 0.27547169811320754 0.25664187035069075 0.1660377358490566 0.03719447396386823
1 0.5025157232704403 0.8581296493092455 0.07044025157232704 0.08395324123273114
1 0.4018867924528302 0.23485653560042508 0.06792452830188679 0.07545164718384698
4 0.6226415094339622 0.255047821466525 0.12327044025157233 0.023379383634431455