0 0.5238993710691824 0.7311370882040382 0.2138364779874214 0.14452709883103082
2 0.4446540880503145 0.5143464399574921 0.7144654088050314 0.6184909670563231
1 0.25031446540880503 0.4670563230605739 0.07924528301886792 0.06269925611052073
1 0.44716981132075473 0.6354941551540914 0.06037735849056604 0.07120085015940489
4 0.10062893081761007 0.33581296493092455 0.04654088050314465 0.12008501594048884
1 0.5213836477987421 0.626461211477152 0.07421383647798742 0.05844845908607864
1 0.6012578616352201 0.7832093517534537 0.07547169811320754 0.057385759829968117
4 0.1 0.4574920297555792 0.033962264150943396 0.040382571732199786
4 0.7886792452830189 0.7497343251859724 0.03647798742138365 0.0871413390010627
4 0.7880503144654089 0.310308182784272 0.0440251572327044 0.14027630180658873
1 0.07610062893081761 0.502125398512221 0.09937106918238994 0.05951115834218916
1 0.8138364779874214 0.4171094580233794 0.08930817610062892 0.057385759829968117
4 0.789937106918239 0.6036131774707758 0.027672955974842768 0.10414452709883103