0 0.7732704402515723 0.47986184909670565 0.17122012578616352 0.18080765143464397
2 0.5172830188679245 0.5466206163655686 0.7325786163522012 0.6036131774707758
1 0.46130817610062896 0.7107332624867162 0.0740880503144654 0.06675876726886291
1 0.6605031446540881 0.5445324123273113 0.08394968553459119 0.05146652497343252
4 0.30574213836477987 0.8373007438894794 0.14157232704402514 0.03893730074388948
1 0.6498050314465409 0.48194473963868223 0.06914465408805032 0.06259298618490967
1 0.8350062893081761 0.41448990435706695 0.06749685534591195 0.06398512221041446
4 0.4497861635220126 0.8379968119022316 0.04774842767295598 0.029213602550478213
4 0.7954905660377359 0.25593517534537724 0.10371069182389937 0.030595111583421892
4 0.2752830188679245 0.25663124335812965 0.16626415094339622 0.03755579171094581
1 0.5024654088050314 0.8581615302869288 0.07079245283018869 0.08344314558979808
1 0.4020377358490566 0.23507438894792776 0.06749685534591195 0.0751009564293305
4 0.6226415094339622 0.2552444208289054 0.12347169811320755 0.023645058448459086