1 0.30817307692307694 0.4012237762237762 0.04807692307692308 0.06993006993006994
1 0.6225961538461539 0.4326923076923077 0.03942307692307692 0.09615384615384616
1 0.4855769230769231 0.8723776223776224 0.03173076923076923 0.06993006993006994
1 0.6649038461538461 0.9003496503496503 0.041346153846153845 0.0979020979020979
4 0.5966346153846154 0.972027972027972 0.020192307692307693 0.055944055944055944
4 0.5985576923076923 0.5812937062937062 0.02403846153846154 0.1346153846153846
4 0.5975961538461538 0.44755244755244755 0.01730769230769231 0.057692307692307696
4 0.5975961538461538 0.06555944055944056 0.020192307692307693 0.07867132867132867
4 0.5951923076923077 0.012237762237762238 0.01730769230769231 0.024475524475524476
1 0.3596153846153846 0.020104895104895104 0.038461538461538464 0.04020979020979021
1 0.43509615384615385 0.06643356643356643 0.035576923076923075 0.05419580419580419
1 0.4168269230769231 0.019230769230769232 0.03942307692307692 0.038461538461538464
4 0.29134615384615387 0.8959790209790209 0.022115384615384617 0.16783216783216784
4 0.29086538461538464 0.5541958041958042 0.021153846153846155 0.21153846153846154
4 0.2918269230769231 0.31905594405594406 0.02403846153846154 0.11363636363636363
2 0.48990384615384613 0.07954545454545454 0.40865384615384615 0.1590909090909091
2 0.48990384615384613 0.458041958041958 0.4115384615384615 0.48951048951048953
2 0.4894230769230769 0.8767482517482518 0.4173076923076923 0.2465034965034965
0 0.5572115384615385 0.4388111888111888 0.07788461538461539 0.08566433566433566
0 0.5475961538461539 0.9659090909090909 0.09134615384615384 0.06818181818181818
3 0.5865384615384616 0.26573426573426573 0.12307692307692308 0.06818181818181818
3 0.5846153846153846 0.8111888111888111 0.12115384615384615 0.06993006993006994
3 0.6341346153846154 0.8924825174825175 0.022115384615384617 0.07167832167832168