1 0.44569230769230767 0.15096153846153845 0.03825 0.08762237762237762
1 0.46290384615384617 0.723277972027972 0.052788461538461534 0.07232517482517482
1 0.7050096153846154 0.4736363636363637 0.03825 0.057027972027972024
1 0.7203125 0.7997727272727273 0.05354807692307692 0.07510489510489511
4 0.764673076923077 0.6759965034965034 0.04130769230769231 0.036153846153846154
4 0.5447548076923078 0.6794755244755244 0.07420192307692308 0.04311188811188811
4 0.47093749999999995 0.6773863636363636 0.032124999999999994 0.030611888111888114
4 0.26095673076923076 0.6773863636363637 0.04360576923076923 0.036171328671328676
4 0.2215625 0.6739073426573426 0.03366346153846154 0.03197552447552447
1 0.2246201923076923 0.24484265734265737 0.045894230769230764 0.06954545454545455
1 0.26172115384615385 0.38183566433566435 0.029826923076923077 0.06538461538461539
1 0.22385576923076922 0.34985139860139863 0.04436538461538462 0.07092657342657342
1 0.06436538461538462 0.5243968531468531 0.031365384615384614 0.061206293706293706
4 0.8423173076923077 0.6766958041958042 0.07573076923076924 0.037552447552447556
4 0.8281682692307691 0.11548951048951049 0.11779807692307692 0.030594405594405596
4 0.7176346153846154 0.12035839160839161 0.09255769230769231 0.04033216783216783
4 0.5298365384615384 0.11966783216783217 0.11626923076923078 0.03895104895104895
4 0.4005576923076923 0.12174825174825175 0.06273076923076923 0.04311188811188811
2 0.1764278846153846 0.4812762237762238 0.27231730769230766 0.7426923076923077
2 0.4770528846153846 0.48128496503496504 0.26925961538461535 0.7482692307692308
2 0.7776778846153846 0.4805856643356643 0.2769134615384615 0.7579895104895105
0 0.46634615384615385 0.6036713286713287 0.04742307692307692 0.14185314685314684
0 0.769264423076923 0.5876835664335663 0.06272115384615384 0.165506993006993
3 0.06742307692307693 0.631486013986014 0.04359615384615385 0.1056993006993007
3 0.3711057692307692 0.6572202797202797 0.03748076923076923 0.22391608391608395
3 0.6713509615384616 0.6537412587412588 0.03824038461538462 0.21975524475524477
3 0.715716346153846 0.7434527972027973 0.03977884615384615 0.04033216783216783