1 0.6918269230769231 0.5987762237762237 0.04807692307692308 0.06993006993006994
1 0.37740384615384615 0.5673076923076923 0.03942307692307692 0.09615384615384616
1 0.5144230769230769 0.12762237762237763 0.03173076923076923 0.06993006993006994
1 0.3350961538461538 0.09965034965034965 0.041346153846153845 0.0979020979020979
4 0.4033653846153846 0.027972027972027972 0.020192307692307693 0.055944055944055944
4 0.4014423076923077 0.4187062937062937 0.02403846153846154 0.1346153846153846
4 0.40240384615384617 0.5524475524475524 0.01730769230769231 0.057692307692307696
4 0.40240384615384617 0.9344405594405595 0.020192307692307693 0.07867132867132867
4 0.40384615384615385 0.9877622377622378 0.01730769230769231 0.024475524475524476
1 0.6403846153846153 0.9790209790209791 0.038461538461538464 0.04195804195804196
1 0.5649038461538461 0.9335664335664335 0.035576923076923075 0.05419580419580419
1 0.5822115384615385 0.9807692307692307 0.03942307692307692 0.038461538461538464
4 0.7086538461538462 0.10402097902097902 0.022115384615384617 0.16783216783216784
4 0.7091346153846154 0.4458041958041958 0.021153846153846155 0.21153846153846154
4 0.708173076923077 0.6809440559440559 0.02403846153846154 0.11363636363636363
2 0.5100961538461538 0.9204545454545454 0.40865384615384615 0.1590909090909091
2 0.5100961538461538 0.541958041958042 0.4115384615384615 0.48951048951048953
2 0.510576923076923 0.12325174825174826 0.4173076923076923 0.2465034965034965
0 0.4427884615384615 0.5611888111888111 0.07788461538461539 0.08566433566433566
0 0.4514423076923077 0.033216783216783216 0.09134615384615384 0.06643356643356643
3 0.41346153846153844 0.7342657342657343 0.12307692307692308 0.06818181818181818
3 0.4153846153846154 0.1888111888111888 0.12115384615384615 0.06993006993006994
3 0.3658653846153846 0.10751748251748251 0.022115384615384617 0.07167832167832168