3 0.54052734375 0.3248697916666667 0.05517578125 0.14453125
3 0.4794921875 0.3834635416666667 0.05810546875 0.18880208333333334
3 0.540283203125 0.96484375 0.05517578125 0.0703125
3 0.479248046875 0.9899088541666666 0.05810546875 0.020182291666666668
0 0.3232421875 0.059895833333333336 0.05810546875 0.08984375
0 0.3662109375 0.9202473958333334 0.1533203125 0.15950520833333334
2 0.558837890625 0.24641927083333334 0.55712890625 0.4928385416666667
2 0.559326171875 0.7568359375 0.56005859375 0.486328125
4 0.28857421875 0.90625 0.0185546875 0.08333333333333333
1 0.7197265625 0.068359375 0.0791015625 0.08723958333333333
1 0.72119140625 0.7200520833333334 0.07177734375 0.09440104166666667
1 0.5966796875 0.884765625 0.06640625 0.08203125
1 0.4755859375 0.8626302083333334 0.0625 0.08463541666666667
1 0.46728515625 0.9485677083333334 0.0625 0.076171875
1 0.4775390625 0.2662760416666667 0.05419921875 0.08333333333333333
1 0.3154296875 0.11979166666666667 0.046875 0.076171875
1 0.26611328125 0.14778645833333334 0.07177734375 0.0859375
4 0.833984375 0.19986979166666666 0.017578125 0.13020833333333334
4 0.7890625 0.13736979166666666 0.08447265625 0.020833333333333332
4 0.74609375 0.0166015625 0.021484375 0.033203125
4 0.74609375 0.609375 0.01953125 0.14583333333333334
4 0.7900390625 0.775390625 0.0927734375 0.018880208333333332
4 0.2861328125 0.2779947916666667 0.021484375 0.16276041666666666
4 0.2880859375 0.011067708333333334 0.01953125 0.022135416666666668
4 0.8330078125 0.8372395833333334 0.017578125 0.13151041666666666
4 0.2880859375 0.6067708333333334 0.01953125 0.16276041666666666