3 0.54052734375 0.6751302083333334 0.05517578125 0.14453125
3 0.4794921875 0.6165364583333334 0.05810546875 0.18880208333333334
3 0.540283203125 0.034830729166666664 0.05517578125 0.06966145833333333
3 0.479248046875 0.010091145833333334 0.05810546875 0.020182291666666668
0 0.3232421875 0.9401041666666666 0.05810546875 0.08984375
0 0.3662109375 0.07942708333333333 0.1533203125 0.15885416666666666
2 0.558837890625 0.7535807291666666 0.55712890625 0.4928385416666667
2 0.559326171875 0.24283854166666666 0.56005859375 0.4856770833333333
4 0.28857421875 0.09375 0.0185546875 0.08333333333333333
1 0.7197265625 0.931640625 0.0791015625 0.08723958333333333
1 0.72119140625 0.2799479166666667 0.07177734375 0.09440104166666667
1 0.5966796875 0.115234375 0.06640625 0.08203125
1 0.4755859375 0.13736979166666666 0.0625 0.08463541666666667
1 0.46728515625 0.051432291666666664 0.0625 0.076171875
1 0.4775390625 0.7337239583333334 0.05419921875 0.08333333333333333
1 0.3154296875 0.8802083333333334 0.046875 0.076171875
1 0.26611328125 0.8522135416666666 0.07177734375 0.0859375
4 0.833984375 0.8001302083333334 0.017578125 0.13020833333333334
4 0.7890625 0.8626302083333334 0.08447265625 0.020833333333333332
4 0.74609375 0.9830729166666666 0.021484375 0.033854166666666664
4 0.74609375 0.390625 0.01953125 0.14583333333333334
4 0.7900390625 0.224609375 0.0927734375 0.018880208333333332
4 0.2861328125 0.7220052083333334 0.021484375 0.16276041666666666
4 0.2880859375 0.9886067708333334 0.01953125 0.022786458333333332
4 0.8330078125 0.16276041666666666 0.017578125 0.13151041666666666
4 0.2880859375 0.3932291666666667 0.01953125 0.16276041666666666