4 0.63360625574977 0.3407904642409034 0.04283348666053358 0.013902132998745294
4 0.569360625574977 0.3442659974905897 0.04895124195032199 0.01809284818067754
4 0.5209245630174794 0.3407904642409034 0.0377276908923643 0.013902132998745294
4 0.4510717571297148 0.3414868255959849 0.032631094756209754 0.01808030112923463
4 0.3434866605335787 0.33939774153074026 0.0336522539098436 0.013902132998745294
4 0.06865685372585097 0.24621079046424094 0.028555657773689052 0.01668757841907152
4 0.10944802207911683 0.09948557089084065 0.04894204231830727 0.012521957340025095
4 0.15431922723091077 0.09948557089084065 0.05099356025758969 0.012521957340025095
4 0.19867985280588776 0.1008720200752823 0.05404783808647654 0.012509410288582185
4 0.24712051517939282 0.1008720200752823 0.053026678932842686 0.012509410288582185
4 0.15126034958601658 0.5883563362609787 0.05098436062557498 0.013902132998745294
4 0.19612695492180313 0.586267252195734 0.05098436062557498 0.01808030112923463
4 0.24405703771849127 0.5869636135508156 0.053026678932842686 0.01947302383939774
4 0.3026954921803128 0.6446863237139273 0.045887764489420425 0.015294855708908405
4 0.35980220791168355 0.6432936010037642 0.039770009199632014 0.015294855708908405
4 0.38937442502299907 0.6425972396486825 0.02956761729530819 0.01947302383939774
4 0.41945722171113153 0.6432936010037642 0.03874885004599816 0.015294855708908405
4 0.4490294388224471 0.6425972396486825 0.03058877644894204 0.013902132998745294
4 0.47655933762649494 0.6425972396486825 0.026513339466421343 0.00835633626097867
4 0.5331600735970561 0.6446800501882057 0.035685372585096596 0.012521957340025095
4 0.5586522539098436 0.6439899623588456 0.0275344986200552 0.013902132998745294
4 0.5790478380864765 0.6425972396486825 0.023449862005519777 0.013902132998745294
4 0.6188178472861087 0.6439836888331242 0.0275344986200552 0.011129234629861982
4 0.6580818767249309 0.6147867001254705 0.008160073597056117 0.044504391468005014
4 0.6789880404783808 0.5946173149309911 0.05201471941122355 0.00973651191969887
4 0.7192686292548298 0.591831869510665 0.042824287028518856 0.012521957340025095
4 0.7544526218951241 0.5904454203262233 0.04793008279668813 0.01808030112923463
1 0.20734590616375345 0.35747804265997496 0.028546458141674336 0.03337515683814304
1 0.28433762649494027 0.3011543287327478 0.02549218031278749 0.029209535759096614
1 0.28383164673413064 0.3560853199498118 0.020395584176632935 0.03337515683814304
1 0.3261499540018399 0.3630426599749059 0.023449862005519777 0.025031367628607276
1 0.33125114995400184 0.16624215809284817 0.01937442502299908 0.04033877038895859
1 0.4113017479300828 0.3025407779171895 0.020395584176632935 0.03198243412797992
1 0.4301655933762649 0.2705520702634881 0.02141674333026679 0.031994981179422836
1 0.4735004599816008 0.16763488080301128 0.020395584176632935 0.03476787954830615
1 0.538261269549218 0.1780614805520703 0.02141674333026679 0.033387703889585944
1 0.5877184912603496 0.1266060225846926 0.026513339466421343 0.030602258469259725
1 0.5917985280588777 0.17527603513174406 0.024480220791168354 0.027816813048933502
1 0.5586568537258509 0.20796737766624843 0.01937442502299908 0.029209535759096614
1 0.614231830726771 0.27473023839397737 0.022428702851885925 0.029209535759096614
1 0.6448252069917204 0.27264115432873276 0.022437902483900644 0.022245922208281053
1 0.5387672493100276 0.29767252195734 0.024471021159153634 0.033387703889585944
1 0.6035234590616375 0.3498243412797992 0.02141674333026679 0.04589711417816813
1 0.7162097516099357 0.6836260978670012 0.022428702851885925 0.031994981179422836
1 0.7462925482980681 0.780288582183187 0.02141674333026679 0.03616060225846926
1 0.693771849126035 0.819930991217064 0.028555657773689052 0.03755332496863237
1 0.6504323827046918 0.6898870765370136 0.023459061637534497 0.03337515683814304
1 0.6397286108555659 0.6307779171894605 0.022437902483900644 0.04032622333751568
1 0.6499264029438822 0.7684629861982435 0.026513339466421343 0.03476787954830615
1 0.5800689972401104 0.8164491844416562 0.023449862005519777 0.03616060225846926
1 0.5561039558417662 0.7935069008782937 0.024480220791168354 0.03755332496863237
1 0.498491260349586 0.7622082810539523 0.02141674333026679 0.03058971141781681
1 0.47350505979760815 0.7684692597239648 0.018362465501379946 0.031994981179422836
1 0.45158233670653175 0.763594730238394 0.02141674333026679 0.030602258469259725
1 0.449540018399264 0.8394040150564617 0.023459061637534497 0.03755332496863237
1 0.6127046918123275 0.8783375156838142 0.01937442502299908 0.03476787954830615
1 0.3924333026678933 0.7663801756587203 0.02140754369825207 0.030602258469259725
1 0.2032658693652254 0.8449623588456712 0.024471021159153634 0.0291969887076537
1 0.11760809567617295 0.6001756587202008 0.028555657773689052 0.043111668757841906
1 0.09517019319227231 0.5994855708908406 0.024471021159153634 0.03894604767879548
1 0.06610855565777368 0.5542785445420326 0.023459061637534497 0.029209535759096614
1 0.0681508739650414 0.7225658720200753 0.02141674333026679 0.03755332496863237
1 0.0681508739650414 0.7455207026348808 0.023459061637534497 0.03894604767879548
1 0.04622355105795768 0.5368946047678795 0.024480220791168354 0.030602258469259725
4 0.5040984360625576 0.6439899623588456 0.036715731370745165 0.013902132998745294
4 0.3006531738730451 0.15372020075282308 0.04384544618215271 0.020865746549560853
4 0.36132934682612694 0.1551129234629862 0.04486660533578657 0.01808030112923463
4 0.3909015639374425 0.1551129234629862 0.026513339466421343 0.020865746549560853
4 0.4184360625574977 0.1558343789209536 0.04079116835326587 0.025094102885821833
4 0.4485188592456302 0.15580928481806777 0.02956761729530819 0.01947302383939774
4 0.4979760809567617 0.15580928481806777 0.04079116835326587 0.01947302383939774
4 0.5321435142594295 0.15441656210790466 0.0316099356025759 0.022258469259723964
4 0.5576356945722172 0.1565056461731493 0.02956761729530819 0.01808030112923463
4 0.5826172953081876 0.15372647427854455 0.03058877644894204 0.012521957340025095
4 0.6101517939282429 0.10713299874529486 0.03467341306347746 0.013914680050188205
4 0.637686292548298 0.10643663739021329 0.032631094756209754 0.015307402760351316
4 0.7141720331186753 0.10643663739021329 0.1264489420423183 0.00973651191969887
2 0.4133394664213431 0.24969887076537012 0.7301563937442502 0.3073776662484316
2 0.49798068077276914 0.7705583437892095 0.8973965041398344 0.3727352572145546
0 0.5729300827966881 0.24065244667503138 0.05609015639374425 0.03894604767879548
0 0.5754829806807727 0.19057716436637392 0.0550689972401104 0.05841907151819323
0 0.7503725850965961 0.8108908406524467 0.05404783808647654 0.03616060225846926
0 0.4765639374425023 0.7336951066499373 0.024480220791168354 0.059811794228356335
0 0.18797148114075435 0.8512233375156839 0.057102115915363384 0.05007528230865746
0 0.19765869365225391 0.3644291091593476 0.0377276908923643 0.05841907151819323
3 0.20887764489420424 0.26568381430363863 0.06016559337626495 0.07789209535759097
3 0.6336108555657773 0.31436010037641154 0.03467341306347746 0.04728983688833124
3 0.6356485740570377 0.8011480552070264 0.04079116835326587 0.05007528230865746
3 0.20785648574057036 0.7531618569636137 0.056080956761729535 0.0820577164366374