4 0.7925482980680773 0.1549560853199498 0.00919963201471941 0.07277289836888332
1 0.24701011959521618 0.09535759096612297 0.021159153633854646 0.033877038895859475
1 0.3045078196872125 0.35319949811794227 0.02207911683532659 0.028858218318695106
1 0.22263109475620976 0.6537013801756587 0.025758969641214352 0.026348808030112924
1 0.2511499540018399 0.43099121706398996 0.027598896044158234 0.03262233375156838
1 0.3068077276908924 0.4341279799247177 0.02207911683532659 0.028858218318695106
1 0.3031278748850046 0.46361355081555833 0.02391904323827047 0.025094102885821833
1 0.3077276908923643 0.4981179422835634 0.02207911683532659 0.028858218318695106
1 0.2847286108555658 0.5765370138017566 0.027598896044158234 0.033877038895859475
1 0.26816927322907086 0.609159347553325 0.02667893284268629 0.03136762860727729
1 0.3031278748850046 0.704516938519448 0.025758969641214352 0.03638644918444166
1 0.4043238270469181 0.6907151819322459 0.029438822447102116 0.030112923462986198
1 0.36062557497700093 0.7051442910915935 0.02483900643974241 0.03262233375156838
1 0.265409383624655 0.7641154328732748 0.027598896044158234 0.03889585947302384
1 0.29438822447102114 0.835633626097867 0.02667893284268629 0.028858218318695106
1 0.36522539098436063 0.7948557089084065 0.02391904323827047 0.030112923462986198
1 0.609935602575897 0.6411543287327478 0.03403863845446182 0.028858218318695106
1 0.6485740570377185 0.5526976160602258 0.02483900643974241 0.033877038895859475
1 0.6665133394664213 0.6976160602258469 0.01655933762649494 0.030112923462986198
1 0.6651333946642134 0.6555834378920954 0.021159153633854646 0.030112923462986198
1 0.7138914443422263 0.5803011292346298 0.021159153633854646 0.026348808030112924
1 0.7382704691812327 0.6254705144291092 0.020239190432382703 0.033877038895859475
1 0.7736890524379025 0.6198243412797992 0.02207911683532659 0.03638644918444166
1 0.7359705611775529 0.5520702634880803 0.02483900643974241 0.028858218318695106
1 0.7437902483900644 0.46361355081555833 0.025758969641214352 0.027603513174404015
1 0.6683532658693653 0.40464240903387705 0.02391904323827047 0.028858218318695106
1 0.6448942042318307 0.37892095357590966 0.022999080036798528 0.027603513174404015
1 0.7447102115915364 0.2697616060225847 0.029438822447102116 0.026348808030112924
1 0.6002759889604415 0.26286072772898367 0.01839926402943882 0.03136762860727729
1 0.6053357865685373 0.2051442910915935 0.02483900643974241 0.027603513174404015
1 0.6458141674333027 0.205771643663739 0.021159153633854646 0.03513174404015056
1 0.6044158233670653 0.10100376411543287 0.02483900643974241 0.03889585947302384
4 0.4337626494940202 0.8469259723964868 0.012879484820607176 0.06524466750313676
4 0.4328426862925483 0.7992471769134254 0.00919963201471941 0.05897114178168131
4 0.43054277828886844 0.7440401505646174 0.007359705611775529 0.07151819322459223
4 0.41582336706531736 0.7158092848180677 0.03219871205151794 0.011292346298619825
4 0.3942042318307268 0.6618569636135508 0.00827966881324747 0.037641154328732745
4 0.39558417663293466 0.6079046424090339 0.010119595216191352 0.03136762860727729
4 0.3942042318307268 0.5803011292346298 0.010119595216191352 0.037641154328732745
4 0.3937442502299908 0.5451693851944793 0.00919963201471941 0.04893350062735257
4 0.3942042318307268 0.5056461731493099 0.010119595216191352 0.050188205771643665
4 0.39558417663293466 0.46800501882057716 0.006439742410303588 0.03638644918444166
4 0.39558417663293466 0.43036386449184444 0.010119595216191352 0.04140526976160602
4 0.3951241950321987 0.39021329987452946 0.011039558417663294 0.05269761606022585
4 0.39558417663293466 0.34880803011292344 0.014719411223551058 0.04015056461731493
4 0.3951241950321987 0.3086574654956085 0.011039558417663294 0.053952321204516936
4 0.3937442502299908 0.23086574654956085 0.011039558417663294 0.06273525721455459
4 0.43606255749770007 0.15119196988707653 0.014719411223551058 0.07277289836888332
4 0.4365225390984361 0.08531994981179424 0.012879484820607176 0.06900878293601004
4 0.4346826126954922 0.029485570890840654 0.010119595216191352 0.05897114178168131
4 0.7925482980680773 0.0890840652446675 0.00919963201471941 0.0740276035131744
4 0.7930082796688133 0.03136762860727729 0.00919963201471941 0.06273525721455459
4 0.6177552897884084 0.28670012547051443 0.010119595216191352 0.04642409033877039
4 0.6163753449862005 0.43350062735257217 0.012879484820607176 0.043914680050188205
4 0.6168353265869365 0.5282308657465495 0.010119595216191352 0.05144291091593475
4 0.6140754369825207 0.5947302383939774 0.012879484820607176 0.06649937264742785
4 0.6168353265869365 0.6819322459222082 0.010119595216191352 0.05897114178168131
4 0.7884084636614536 0.7923462986198243 0.007359705611775529 0.17189460476787954
4 0.7884084636614536 0.6875784190715182 0.011039558417663294 0.043914680050188205
4 0.7879484820607175 0.6499372647427855 0.010119595216191352 0.04767879548306148
4 0.7539098436062558 0.6129234629861983 0.00919963201471941 0.04140526976160602
4 0.7520699172033118 0.5784190715181933 0.012879484820607176 0.04015056461731493
4 0.7534498620055198 0.5439146800501882 0.01655933762649494 0.04265997490589712
4 0.7525298988040479 0.4974905897114178 0.014719411223551058 0.05520702634880803
4 0.7525298988040479 0.42973651191969886 0.014719411223551058 0.04015056461731493
4 0.7525298988040479 0.3889585947302384 0.01839926402943882 0.05520702634880803
4 0.7529898804047838 0.35131744040150564 0.015639374425023 0.03638644918444166
4 0.7529898804047838 0.3111668757841907 0.012879484820607176 0.06148055207026349
4 0.7539098436062558 0.22835633626097868 0.015639374425023 0.060225846925972396