4 0.20745170193192272 0.1549560853199498 0.00919963201471941 0.07277289836888332
1 0.7529898804047838 0.09535759096612297 0.021159153633854646 0.033877038895859475
1 0.6954921803127875 0.35319949811794227 0.02207911683532659 0.028858218318695106
1 0.7773689052437902 0.6537013801756587 0.025758969641214352 0.026348808030112924
1 0.7488500459981601 0.43099121706398996 0.027598896044158234 0.03262233375156838
1 0.6931922723091076 0.4341279799247177 0.02207911683532659 0.028858218318695106
1 0.6968721251149954 0.46361355081555833 0.02391904323827047 0.025094102885821833
1 0.6922723091076357 0.4981179422835634 0.02207911683532659 0.028858218318695106
1 0.7152713891444342 0.5765370138017566 0.027598896044158234 0.033877038895859475
1 0.7318307267709292 0.609159347553325 0.02667893284268629 0.03136762860727729
1 0.6968721251149954 0.704516938519448 0.025758969641214352 0.03638644918444166
1 0.5956761729530818 0.6907151819322459 0.029438822447102116 0.030112923462986198
1 0.6393744250229991 0.7051442910915935 0.02483900643974241 0.03262233375156838
1 0.734590616375345 0.7641154328732748 0.027598896044158234 0.03889585947302384
1 0.7056117755289788 0.835633626097867 0.02667893284268629 0.028858218318695106
1 0.6347746090156394 0.7948557089084065 0.02391904323827047 0.030112923462986198
1 0.39006439742410304 0.6411543287327478 0.03403863845446182 0.028858218318695106
1 0.3514259429622815 0.5526976160602258 0.02483900643974241 0.033877038895859475
1 0.33348666053357867 0.6976160602258469 0.01655933762649494 0.030112923462986198
1 0.33486660533578655 0.6555834378920954 0.021159153633854646 0.030112923462986198
1 0.2861085556577737 0.5803011292346298 0.021159153633854646 0.026348808030112924
1 0.26172953081876726 0.6254705144291092 0.020239190432382703 0.033877038895859475
1 0.22631094756209752 0.6198243412797992 0.02207911683532659 0.03638644918444166
1 0.2640294388224471 0.5520702634880803 0.02483900643974241 0.028858218318695106
1 0.2562097516099356 0.46361355081555833 0.025758969641214352 0.027603513174404015
1 0.3316467341306348 0.40464240903387705 0.02391904323827047 0.028858218318695106
1 0.35510579576816925 0.37892095357590966 0.022999080036798528 0.027603513174404015
1 0.25528978840846367 0.2697616060225847 0.029438822447102116 0.026348808030112924
1 0.3997240110395584 0.26286072772898367 0.01839926402943882 0.03136762860727729
1 0.39466421343146274 0.2051442910915935 0.02483900643974241 0.027603513174404015
1 0.35418583256669733 0.205771643663739 0.021159153633854646 0.03513174404015056
1 0.39558417663293466 0.10100376411543287 0.02483900643974241 0.03889585947302384
4 0.5662373505059798 0.8469259723964868 0.012879484820607176 0.06524466750313676
4 0.5671573137074517 0.7992471769134254 0.00919963201471941 0.05897114178168131
4 0.5694572217111316 0.7440401505646174 0.007359705611775529 0.07151819322459223
4 0.5841766329346826 0.7158092848180677 0.03219871205151794 0.011292346298619825
4 0.6057957681692733 0.6618569636135508 0.00827966881324747 0.037641154328732745
4 0.6044158233670653 0.6079046424090339 0.010119595216191352 0.03136762860727729
4 0.6057957681692733 0.5803011292346298 0.010119595216191352 0.037641154328732745
4 0.6062557497700092 0.5451693851944793 0.00919963201471941 0.04893350062735257
4 0.6057957681692733 0.5056461731493099 0.010119595216191352 0.050188205771643665
4 0.6044158233670653 0.46800501882057716 0.006439742410303588 0.03638644918444166
4 0.6044158233670653 0.43036386449184444 0.010119595216191352 0.04140526976160602
4 0.6048758049678012 0.39021329987452946 0.011039558417663294 0.05269761606022585
4 0.6044158233670653 0.34880803011292344 0.014719411223551058 0.04015056461731493
4 0.6048758049678012 0.3086574654956085 0.011039558417663294 0.053952321204516936
4 0.6062557497700092 0.23086574654956085 0.011039558417663294 0.06273525721455459
4 0.5639374425022999 0.15119196988707653 0.014719411223551058 0.07277289836888332
4 0.5634774609015639 0.08531994981179424 0.012879484820607176 0.06900878293601004
4 0.5643974241030358 0.029485570890840654 0.010119595216191352 0.05897114178168131
4 0.20745170193192272 0.0890840652446675 0.00919963201471941 0.0740276035131744
4 0.20607175712971482 0.03136762860727729 0.00919963201471941 0.06273525721455459
4 0.3822447102115915 0.28670012547051443 0.010119595216191352 0.04642409033877039
4 0.38362465501379944 0.43350062735257217 0.012879484820607176 0.043914680050188205
4 0.3831646734130635 0.5282308657465495 0.010119595216191352 0.05144291091593475
4 0.3859245630174793 0.5947302383939774 0.012879484820607176 0.06649937264742785
4 0.3831646734130635 0.6819322459222082 0.010119595216191352 0.05897114178168131
4 0.21159153633854647 0.7923462986198243 0.007359705611775529 0.17189460476787954
4 0.21159153633854647 0.6875784190715182 0.011039558417663294 0.043914680050188205
4 0.21205151793928242 0.6499372647427855 0.010119595216191352 0.04767879548306148
4 0.24609015639374426 0.6129234629861983 0.00919963201471941 0.04140526976160602
4 0.24793008279668813 0.5784190715181933 0.012879484820607176 0.04015056461731493
4 0.24655013799448022 0.5439146800501882 0.01655933762649494 0.04265997490589712
4 0.24747010119595217 0.4974905897114178 0.014719411223551058 0.05520702634880803
4 0.24747010119595217 0.42973651191969886 0.014719411223551058 0.04015056461731493
4 0.24747010119595217 0.3889585947302384 0.01839926402943882 0.05520702634880803
4 0.24701011959521618 0.35131744040150564 0.015639374425023 0.03638644918444166
4 0.24701011959521618 0.3111668757841907 0.012879484820607176 0.06148055207026349
4 0.24609015639374426 0.22835633626097868 0.015639374425023 0.060225846925972396