4 0.7314453125 0.17122395833333334 0.0625 0.02734375
4 0.77294921875 0.17057291666666666 0.02587890625 0.020833333333333332
4 0.76953125 0.763671875 0.02783203125 0.022135416666666668
4 0.73095703125 0.7610677083333334 0.0634765625 0.024739583333333332
4 0.61376953125 0.759765625 0.0625 0.0234375
4 0.57421875 0.76171875 0.02685546875 0.020833333333333332
4 0.4384765625 0.7623697916666666 0.04541015625 0.018880208333333332
4 0.25048828125 0.76171875 0.05810546875 0.020833333333333332
1 0.28369140625 0.5703125 0.05517578125 0.060546875
4 0.21044921875 0.76171875 0.02978515625 0.020833333333333332
1 0.30419921875 0.138671875 0.052734375 0.076171875
1 0.67041015625 0.140625 0.05078125 0.06901041666666667
1 0.740234375 0.4759114583333333 0.05517578125 0.052734375
1 0.7216796875 0.5651041666666666 0.05078125 0.07877604166666667
1 0.666015625 0.5657552083333334 0.0478515625 0.08333333333333333
1 0.37158203125 0.458984375 0.0517578125 0.06380208333333333
1 0.37109375 0.5651041666666666 0.05712890625 0.06770833333333333
1 0.421875 0.6217447916666666 0.0478515625 0.07486979166666667
1 0.36328125 0.79296875 0.05810546875 0.0859375
1 0.3623046875 0.6399739583333334 0.05810546875 0.07486979166666667
4 0.1953125 0.16666666666666666 0.05810546875 0.022135416666666668
4 0.24267578125 0.16536458333333334 0.046875 0.029947916666666668
4 0.3759765625 0.17252604166666666 0.05810546875 0.024739583333333332
4 0.41162109375 0.169921875 0.02783203125 0.022135416666666668
4 0.55322265625 0.16536458333333334 0.06005859375 0.02734375
4 0.60546875 0.17057291666666666 0.06005859375 0.020833333333333332
2 0.31884765625 0.4654947916666667 0.34716796875 0.61328125
2 0.6796875 0.466796875 0.34521484375 0.61328125
0 0.44140625 0.5735677083333334 0.08935546875 0.1484375
0 0.80029296875 0.470703125 0.08740234375 0.12044270833333333
3 0.216796875 0.44140625 0.12158203125 0.0625
3 0.197265625 0.501953125 0.0830078125 0.057942708333333336
3 0.58154296875 0.4407552083333333 0.125 0.06380208333333333
3 0.578125 0.5032552083333334 0.11865234375 0.06380208333333333