4 0.25341796875 0.80859375 0.0205078125 0.08333333333333333
4 0.2529296875 0.8639322916666666 0.015625 0.034505208333333336
4 0.69775390625 0.859375 0.0166015625 0.037109375
4 0.69580078125 0.8079427083333334 0.0185546875 0.08463541666666667
4 0.69482421875 0.6516927083333334 0.017578125 0.08333333333333333
4 0.6962890625 0.5989583333333334 0.015625 0.035807291666666664
4 0.69677734375 0.41796875 0.01416015625 0.060546875
4 0.6962890625 0.16731770833333334 0.015625 0.07747395833333333
1 0.552734375 0.21158854166666666 0.04541015625 0.07356770833333333
4 0.6962890625 0.11393229166666667 0.015625 0.039713541666666664
1 0.22900390625 0.23893229166666666 0.05712890625 0.0703125
1 0.23046875 0.7272135416666666 0.0517578125 0.06770833333333333
1 0.48193359375 0.8203125 0.03955078125 0.07356770833333333
1 0.548828125 0.7955729166666666 0.05908203125 0.06770833333333333
1 0.54931640625 0.7213541666666666 0.0625 0.06380208333333333
1 0.46923828125 0.3287760416666667 0.0478515625 0.06901041666666667
1 0.548828125 0.328125 0.05078125 0.076171875
1 0.59130859375 0.3958333333333333 0.05615234375 0.06380208333333333
1 0.7197265625 0.3177083333333333 0.064453125 0.07747395833333333
1 0.60498046875 0.31640625 0.05615234375 0.07747395833333333
4 0.25 0.09375 0.0166015625 0.07747395833333333
4 0.2490234375 0.15690104166666666 0.0224609375 0.0625
4 0.25439453125 0.3346354166666667 0.0185546875 0.07747395833333333
4 0.25244140625 0.3821614583333333 0.0166015625 0.037109375
4 0.2490234375 0.5709635416666666 0.0205078125 0.080078125
4 0.2529296875 0.640625 0.015625 0.080078125
2 0.47412109375 0.2584635416666667 0.4599609375 0.462890625
2 0.47509765625 0.7395833333333334 0.4599609375 0.4602864583333333
0 0.55517578125 0.421875 0.111328125 0.119140625
0 0.47802734375 0.900390625 0.09033203125 0.11653645833333333
3 0.4560546875 0.12239583333333333 0.046875 0.162109375
3 0.50146484375 0.09635416666666667 0.04345703125 0.11067708333333333
3 0.45556640625 0.6087239583333334 0.0478515625 0.16666666666666666
3 0.50244140625 0.6041666666666666 0.0478515625 0.158203125