0 0.5918356456776948 0.7808811188811189 0.1496478121664888 0.17941258741258742
2 0.4995037353255069 0.5548741258741259 0.945624332977588 0.6926293706293707
1 0.6252668089647813 0.19186713286713286 0.06368196371398079 0.09179020979020978
4 0.21560298826040553 0.24124475524475525 0.16768409818569904 0.07093706293706294
4 0.8375240128068303 0.24262937062937065 0.08490928495197439 0.07093706293706294
1 0.3880629669156883 0.5847762237762237 0.06261472785485593 0.09595804195804196
1 0.31218249733191034 0.7621048951048951 0.06579509071504802 0.07788811188811189
1 0.43264140875133406 0.7176013986013985 0.06474919957310565 0.09735664335664336
4 0.5138313767342583 0.24054545454545456 0.12736392742796157 0.07233566433566434
1 0.48994663820704376 0.7801888111888112 0.06898612593383138 0.08345454545454546
1 0.45067769477054426 0.9150909090909091 0.06686232657417289 0.11404195804195805
1 0.6289807897545358 0.3059160839160839 0.07110992529348986 0.08900699300699301