0 0.7145144076840982 0.3797202797202797 0.13660618996798293 0.1958041958041958
2 0.5416221985058698 0.5 0.528281750266809 1
1 0.2646744930629669 0.3356643356643357 0.07043756670224119 0.08391608391608392
4 0.3025613660618997 0.8727272727272727 0.054429028815368194 0.21958041958041957
4 0.30362860192102453 0.057342657342657345 0.054429028815368194 0.11188811188811189
1 0.5645677694770544 0.6468531468531469 0.0736392742796158 0.08251748251748252
1 0.7001067235859125 0.7461538461538462 0.05976520811099253 0.08671328671328671
1 0.6659551760939167 0.5881118881118881 0.07470651013874066 0.08531468531468532
4 0.30202774813233724 0.4818181818181818 0.05549626467449306 0.16643356643356644
1 0.7139807897545357 0.5132867132867133 0.064034151547492 0.09090909090909091
1 0.8169690501600854 0.5643356643356643 0.08751334044823907 0.08811188811188811
1 0.35165421558164356 0.33076923076923076 0.06830309498399147 0.0937062937062937