0 0.8223684210526315 0.7440677966101695 0.13980263157894737 0.1344632768361582
2 0.4629934210526316 0.5028248587570622 0.9259868421052632 0.6440677966101694
1 0.34457236842105265 0.4062146892655367 0.09046052631578948 0.0655367231638418
1 0.4300986842105263 0.4056497175141243 0.0805921052631579 0.05875706214689266
1 0.03042763157894737 0.47231638418079097 0.06085526315789474 0.05875706214689266
1 0.13898026315789475 0.4711864406779661 0.09703947368421052 0.05649717514124294
1 0.34786184210526316 0.5293785310734463 0.08223684210526316 0.07005649717514124
1 0.9424342105263158 0.41468926553672314 0.10197368421052631 0.05423728813559322
1 0.6299342105263158 0.652542372881356 0.0756578947368421 0.062146892655367235
1 0.6233552631578947 0.703954802259887 0.08717105263157894 0.04858757062146893
4 0.04358552631578947 0.34011299435028247 0.03618421052631579 0.07796610169491526
4 0.04523026315789474 0.6254237288135593 0.044407894736842105 0.14689265536723164
1 0.946546052631579 0.7435028248587571 0.09703947368421052 0.061016949152542375
0 0.4629934210526316 0.33785310734463275 0.1299342105263158 0.08248587570621468
4 0.90625 0.5875706214689266 0.03618421052631579 0.10847457627118644
4 0.9078947368421053 0.30847457627118646 0.04111842105263158 0.1401129943502825
1 0.36101973684210525 0.2711864406779661 0.0805921052631579 0.04858757062146893