0 0.8552713815789473 0.2788079096045198 0.19636513157894736 0.09596610169491526
2 0.5050328947368421 0.5861864406779662 0.9373355263157894 0.758
1 0.36332236842105264 0.607045197740113 0.09516447368421052 0.06258757062146893
1 0.36231085526315787 0.5479378531073447 0.08501644736842105 0.055627118644067795
1 0.23982730263157895 0.9116327683615819 0.10324013157894738 0.06536723163841808
1 0.45949013157894736 0.8379209039548023 0.08503289473684211 0.07371751412429378
1 0.4584703947368421 0.7482146892655367 0.08299342105263158 0.06675706214689266
1 0.5424835526315789 0.6042655367231639 0.1012171052631579 0.05702824858757062
1 0.37546875 0.19605649717514126 0.07896381578947369 0.06953672316384181
1 0.7216529605263158 0.41093785310734465 0.09110197368421052 0.051457627118644066
1 0.7965625 0.4151129943502825 0.07085526315789474 0.059807909604519774
4 0.2671628289473684 0.8135819209039549 0.1133717105263158 0.02503954802259887
4 0.6821792763157895 0.8121920903954802 0.21458881578947367 0.030598870056497172
1 0.8542598684210526 0.19327683615819208 0.08907894736842105 0.06675706214689266
0 0.2641282894736842 0.525683615819209 0.11944078947368422 0.08901694915254238
4 0.627516447368421 0.221090395480226 0.15789473684210525 0.02502824858757062
4 0.22161184210526316 0.21970056497175142 0.2044736842105263 0.027807909604519773
1 0.16694901315789473 0.595225988700565 0.0708717105263158 0.055627118644067795