0 0.8223684210526315 0.2559322033898305 0.13980263157894737 0.1344632768361582
2 0.4629934210526316 0.496045197740113 0.9259868421052632 0.6440677966101694
1 0.34457236842105265 0.5937853107344633 0.09046052631578948 0.0655367231638418
1 0.4300986842105263 0.5943502824858757 0.0805921052631579 0.05875706214689266
1 0.03042763157894737 0.5276836158192091 0.06085526315789474 0.05875706214689266
1 0.13898026315789475 0.5288135593220339 0.09703947368421052 0.05649717514124294
1 0.34786184210526316 0.47062146892655365 0.08223684210526316 0.07005649717514124
1 0.9424342105263158 0.5853107344632769 0.10197368421052631 0.05423728813559322
1 0.6299342105263158 0.3474576271186441 0.0756578947368421 0.062146892655367235
1 0.6233552631578947 0.296045197740113 0.08717105263157894 0.04858757062146893
4 0.04358552631578947 0.6598870056497175 0.03618421052631579 0.07796610169491526
4 0.04523026315789474 0.37457627118644066 0.044407894736842105 0.14689265536723164
1 0.946546052631579 0.25649717514124293 0.09703947368421052 0.061016949152542375
0 0.4629934210526316 0.6621468926553672 0.1299342105263158 0.08248587570621468
4 0.90625 0.4124293785310734 0.03618421052631579 0.10847457627118644
4 0.9078947368421053 0.6915254237288135 0.04111842105263158 0.1401129943502825
1 0.36101973684210525 0.7288135593220338 0.0805921052631579 0.04858757062146893