1 0.8730160550458715 0.38590277777777776 0.0826834862385321 0.10708333333333334
1 0.4297419724770642 0.48186631944444447 0.06154816513761468 0.11543402777777777
1 0.3640538990825688 0.47839409722222226 0.058795871559633034 0.10571180555555555
1 0.3484288990825688 0.49926215277777775 0.06614678899082568 0.0862326388888889
1 0.11646215596330274 0.4012065972222223 0.05971330275229358 0.10432291666666667
4 0.8422419724770641 0.20370659722222223 0.022970183486238534 0.2739756944444445
4 0.03928325688073395 0.7023177083333334 0.02480504587155963 0.17244791666666667
4 0.03974770642201835 0.5110763888888888 0.02573394495412844 0.10708333333333334
1 0.40355504587155966 0.9095486111111111 0.07165137614678899 0.1279513888888889
1 0.8123853211009174 0.383125 0.0826834862385321 0.10152777777777777
1 0.30020068807339445 0.6376475694444445 0.0725802752293578 0.08762152777777778
0 0.24737385321100916 0.5159461805555555 0.1488302752293578 0.1418576388888889
2 0.44214449541284406 0.4644791666666667 0.8286697247706423 0.8484027777777778
4 0.0406651376146789 0.27255208333333336 0.02756880733944954 0.2864930555555556