4 0.3458083832335329 0.7841726618705036 0.10179640718562874 0.016786570743405275
4 0.7275449101796407 0.18764988009592326 0.344311377245509 0.019184652278177457
4 0.19461077844311378 0.19004796163069546 0.3203592814371258 0.026378896882494004
0 0.16766467065868262 0.5443645083932853 0.281437125748503 0.07074340527577938
2 0.5 0.5755395683453237 1 0.7949640287769785
1 0.4820359281437126 0.7092326139088729 0.1377245508982036 0.05875299760191847
1 0.3383233532934132 0.7044364508393285 0.1347305389221557 0.045563549160671464
1 0.23053892215568864 0.6966426858513189 0.10778443113772455 0.050359712230215826
1 0.35179640718562877 0.9088729016786571 0.1347305389221557 0.049160671462829736
1 0.47754491017964074 0.8081534772182254 0.1347305389221557 0.0671462829736211
1 0.8038922155688623 0.5365707434052758 0.11377245508982035 0.05515587529976019
1 0.6062874251497006 0.5485611510791367 0.1347305389221557 0.05155875299760192
1 0.35778443113772457 0.5365707434052758 0.1317365269461078 0.046762589928057555
1 0.26047904191616766 0.4892086330935252 0.1317365269461078 0.050359712230215826
1 0.5239520958083832 0.20863309352517986 0.11077844311377245 0.050359712230215826
1 0.5239520958083832 0.1642685851318945 0.11077844311377245 0.046762589928057555
4 0.7200598802395209 0.7865707434052758 0.2964071856287425 0.02038369304556355