4 0.3453892215568863 0.7843585131894485 0.1007185628742515 0.016678657074340526
4 0.7274101796407185 0.18769784172661869 0.34380239520958084 0.019472422062350118
4 0.19432634730538922 0.1897841726618705 0.3194910179640718 0.026426858513189447
0 0.16827844311377246 0.5444424460431655 0.2812874251497006 0.07092326139088728
2 0.5 0.5757374100719425 1 0.7955515587529977
1 0.4825748502994011 0.7092565947242206 0.13892215568862276 0.05841726618705036
1 0.3384431137724551 0.7043884892086332 0.13544910179640718 0.04589928057553957
1 0.23077844311377246 0.6967386091127099 0.10766467065868264 0.05007194244604316
1 0.3523353293413174 0.9088369304556354 0.13544910179640718 0.0486810551558753
1 0.4773652694610778 0.8080035971223022 0.13544910179640718 0.06675059952038369
1 0.803802395209581 0.5367925659472422 0.11461077844311378 0.05562350119904077
1 0.6058682634730539 0.548609112709832 0.13544910179640718 0.05146282973621103
1 0.3575449101796407 0.5367925659472422 0.13197604790419162 0.047278177458033574
1 0.2602994011976048 0.4895083932853717 0.13197604790419162 0.05007194244604316
1 0.524251497005988 0.2085611510791367 0.1111377245508982 0.05007194244604316
1 0.524251497005988 0.164052757793765 0.1111377245508982 0.04729016786570743
4 0.7204640718562874 0.7864448441247004 0.2951796407185629 0.020851318944844124