2 0.4144304556354916 0.4659437751004016 0.8238489208633094 0.9207228915662651
1 0.8425479616306956 0.3470281124497992 0.06893285371702638 0.09317269076305221
4 0.010389688249400479 0.40823293172690767 0.020779376498800958 0.2489558232931727
4 0.010389688249400479 0.11406626506024098 0.020779376498800958 0.09736947791164659
0 0.3060431654676259 0.11406626506024097 0.11709832134292565 0.18636546184738956
1 0.1632074340527578 0.15579317269076304 0.06394484412470024 0.09178714859437752
1 0.286115107913669 0.24967871485943777 0.055635491606714625 0.10987951807228916
1 0.22798561151079136 0.5104518072289157 0.0656115107913669 0.09736947791164659
1 0.2267326139088729 0.6251907630522088 0.06145083932853717 0.09873493975903615
1 0.3355335731414868 0.8630220883534137 0.05979616306954436 0.11821285140562249
4 0.01080335731414868 0.7100401606425703 0.02160671462829736 0.2600803212851406
1 0.33636091127098317 0.9457730923694779 0.05979616306954436 0.10014056224899598
4 0.8155575539568345 0.189859437751004 0.021594724220623505 0.23783132530120482
1 0.7914628297362111 0.34772088353413655 0.06976019184652278 0.08901606425702811