2 0.41426858513189446 0.46586345381526106 0.8237410071942446 0.9216867469879518
1 0.842326139088729 0.3473895582329317 0.0683453237410072 0.09236947791164658
4 0.010191846522781775 0.4086345381526104 0.02038369304556355 0.24899598393574296
4 0.010191846522781775 0.1144578313253012 0.02038369304556355 0.0963855421686747
0 0.3057553956834532 0.1144578313253012 0.11750599520383694 0.18674698795180722
1 0.1630695443645084 0.15562248995983935 0.06354916067146282 0.09236947791164658
1 0.28597122302158273 0.25 0.05515587529976019 0.11044176706827309
1 0.2278177458033573 0.5100401606425703 0.06594724220623502 0.0963855421686747
1 0.22661870503597123 0.6255020080321285 0.06115107913669065 0.09839357429718876
1 0.33573141486810554 0.8634538152610441 0.05995203836930456 0.11847389558232932
4 0.01079136690647482 0.7098393574297188 0.02158273381294964 0.26104417670682734
1 0.3363309352517986 0.9457831325301205 0.05995203836930456 0.10040160642570281
4 0.815347721822542 0.1897590361445783 0.02158273381294964 0.23694779116465864
1 0.7913669064748201 0.3473895582329317 0.06954436450839328 0.08835341365461848