0 0.4592359550561798 0.8206172839506172 0.12759550561797753 0.16405643738977072
2 0.4741685393258427 0.46460317460317463 0.9483370786516854 0.9290652557319223
4 0.02050561797752809 0.20033509700176366 0.04101123595505618 0.21417989417989416
4 0.01873033707865169 0.5271781305114639 0.03746067415730338 0.33657848324514994
4 0.02050561797752809 0.7851851851851852 0.04101123595505618 0.112663139329806
1 0.6825168539325843 0.17461199294532628 0.12049438202247191 0.08206349206349206
1 0.5939101123595505 0.36376543209876544 0.10278651685393259 0.10153439153439153
1 0.5646741573033708 0.812989417989418 0.12229213483146067 0.07927689594356262
1 0.6116404494382023 0.9451234567901234 0.10633707865168539 0.09317460317460317
1 0.16506741573033706 0.6954761904761905 0.10986516853932585 0.0917989417989418
1 0.605438202247191 0.876278659611993 0.10453932584269664 0.10292768959435626