1 0.21451020408163268 0.8456719367588933 0.043081632653061225 0.05563899868247694
1 0.2031938775510204 0.9047826086956521 0.03985714285714286 0.07093544137022398
1 0.5705102040816327 0.23996706192358366 0.04416326530612245 0.048682476943346514
1 0.05292857142857143 0.044565217391304354 0.03877551020408163 0.06119894598155468
1 0.708392857142857 0.16417654808959156 0.03554081632653061 0.04450592885375494
0 0.05185714285714286 0.23093544137022398 0.07324489795918368 0.08901185770750988
1 0.07824489795918368 0.13357048748353095 0.03985714285714286 0.05006587615283267
2 0.15848979591836734 0.3115942028985507 0.3059183673469388 0.5229512516469038
2 0.7617142857142858 0.3171607378129117 0.37055102040816323 0.5257312252964427
2 0.22474489795918368 0.7594400527009222 0.3156122448979592 0.27537549407114625
1 0.048627551020408166 0.16764822134387353 0.03231632653061225 0.05144927536231884
1 0.18649999999999997 0.16625823451910407 0.045244897959183676 0.05146245059288538
1 0.2721377551020408 0.17529644268774705 0.03770408163265306 0.05006587615283267
1 0.23551530612244898 0.26083662714097494 0.03123469387755102 0.048682476943346514
1 0.2624438775510204 0.2615349143610013 0.03123469387755102 0.04172595520421608
1 0.7116275510204082 0.2434453227931489 0.042010204081632654 0.05284584980237154
3 0.3513061224489796 0.4548550724637681 0.0883265306122449 0.2308695652173913
1 0.31091836734693884 0.22119235836627144 0.03985714285714286 0.04172595520421608
1 0.31307142857142856 0.25596179183135703 0.03555102040816327 0.04172595520421608
1 0.3373061224489796 0.3477602108036891 0.03230612244897959 0.05562582345191041
3 0.747173469387755 0.10922924901185771 0.09371428571428572 0.07371541501976285
4 0.7353214285714286 0.06542160737812912 0.061397959183673474 0.027812911725955205
4 0.6222193877551021 0.06472990777338604 0.06570408163265307 0.026429512516469036
4 0.9405255102040816 0.2017193675889328 0.0258469387755102 0.11682476943346509
4 0.7924132653061225 0.4562384716732543 0.022622448979591838 0.08623188405797101
4 0.6938520408163265 0.5654281949934123 0.06462244897959184 0.031989459815546774
4 0.28937244897959186 0.8860079051383399 0.06786734693877551 0.03059288537549407
4 0.07770918367346939 0.7462318840579711 0.021540816326530612 0.09040843214756258
4 0.1999642857142857 0.5612516469038208 0.08725510204081634 0.02919631093544137
4 0.30121938775510204 0.4249538866930171 0.016153061224489795 0.10152832674571806
4 0.08632653061224489 0.4013109354413702 0.02369387755102041 0.11266139657444006
4 0.013071428571428572 0.23093544137022398 0.019387755102040816 0.05006587615283267
4 0.012535714285714285 0.13704874835309616 0.022622448979591838 0.06814229249011858
4 0.40732142857142856 0.32689723320158104 0.0581734693877551 0.016693017127799737
4 0.4423316326530612 0.2823913043478261 0.022622448979591838 0.09458498023715416
4 0.44179591836734694 0.19894598155467721 0.019387755102040816 0.09457180500658761
4 0.44233163265306125 0.11409749670619235 0.016153061224489795 0.09457180500658761
4 0.40570918367346936 0.06055335968379447 0.06570408163265307 0.026429512516469036
4 0.3480765306122449 0.06333333333333334 0.0667857142857143 0.026429512516469036
4 0.24628571428571427 0.06264163372859025 0.0463265306122449 0.025046113306982875
4 0.14071938775510204 0.06264163372859025 0.05062244897959184 0.03337285902503294
1 0.7816377551020408 0.2775230566534914 0.042010204081632654 0.04866930171277997
1 0.7579438775510203 0.2976877470355731 0.03339795918367346 0.05284584980237154
3 0.7730204081632652 0.1579117259552042 0.04846938775510204 0.17940711462450593
1 0.3674693877551021 0.347068511198946 0.03446938775510204 0.059802371541501975
1 0.18649999999999997 0.7712648221343875 0.045244897959183676 0.05981554677206851
1 0.10732653061224491 0.7719565217391304 0.04416326530612245 0.05563899868247694