1 0.7857142857142857 0.8458498023715415 0.04285714285714286 0.05533596837944664
1 0.7969387755102041 0.9044795783926218 0.03979591836734694 0.07114624505928854
1 0.42959183673469387 0.23978919631093545 0.04387755102040816 0.048748353096179184
1 0.9469387755102041 0.04479578392621871 0.03877551020408163 0.06060606060606061
1 0.29183673469387755 0.16403162055335968 0.03571428571428571 0.04479578392621871
0 0.9479591836734694 0.23122529644268774 0.07346938775510205 0.08959156785243742
1 0.9219387755102041 0.13372859025032938 0.03979591836734694 0.05006587615283267
2 0.8413265306122449 0.3115942028985507 0.30612244897959184 0.5230566534914362
2 0.23826530612244898 0.3168642951251647 0.3704081632653061 0.525691699604743
2 0.7755102040816326 0.7595520421607378 0.3153061224489796 0.2753623188405797
1 0.951530612244898 0.1673254281949934 0.0326530612244898 0.05138339920948617
1 0.813265306122449 0.16600790513833993 0.044897959183673466 0.05138339920948617
1 0.7280612244897959 0.17523056653491437 0.03775510204081633 0.05006587615283267
1 0.7642857142857142 0.2608695652173913 0.03163265306122449 0.048748353096179184
1 0.7377551020408163 0.2615283267457181 0.03163265306122449 0.04216073781291173
1 0.288265306122449 0.2437417654808959 0.04183673469387755 0.052700922266139656
3 0.648469387755102 0.45454545454545453 0.08877551020408163 0.230566534914361
1 0.6892857142857143 0.22134387351778656 0.03979591836734694 0.04216073781291173
1 0.686734693877551 0.25625823451910407 0.03571428571428571 0.04216073781291173
1 0.6627551020408163 0.34782608695652173 0.0326530612244898 0.05533596837944664
3 0.2530612244897959 0.10935441370223979 0.09387755102040816 0.07378129117259552
4 0.26479591836734695 0.06521739130434782 0.061224489795918366 0.02766798418972332
4 0.37755102040816324 0.06455862977602109 0.0653061224489796 0.026350461133069828
4 0.05969387755102041 0.2015810276679842 0.025510204081632654 0.11725955204216074
4 0.2076530612244898 0.45652173913043476 0.022448979591836733 0.08563899868247694
4 0.30612244897959184 0.5652173913043478 0.06428571428571428 0.03162055335968379
4 0.7107142857142857 0.886034255599473 0.06836734693877551 0.030303030303030304
4 0.9224489795918367 0.7463768115942029 0.02142857142857143 0.09090909090909091
4 0.8 0.5612648221343873 0.08775510204081632 0.028985507246376812
4 0.6989795918367347 0.424901185770751 0.0163265306122449 0.10144927536231885
4 0.9137755102040817 0.40118577075098816 0.02346938775510204 0.11330698287220026
4 0.986734693877551 0.23122529644268774 0.019387755102040816 0.05006587615283267
4 0.9872448979591837 0.1370223978919631 0.022448979591836733 0.06851119894598155
4 0.5928571428571429 0.32674571805006586 0.058163265306122446 0.017127799736495388
4 0.5576530612244898 0.2826086956521739 0.022448979591836733 0.09486166007905138
4 0.5581632653061225 0.19894598155467721 0.019387755102040816 0.09486166007905138
4 0.5576530612244898 0.11396574440052701 0.0163265306122449 0.09486166007905138
4 0.5943877551020408 0.06060606060606061 0.0653061224489796 0.026350461133069828
4 0.6520408163265307 0.06324110671936758 0.0663265306122449 0.026350461133069828
4 0.7535714285714286 0.06258234519104085 0.04591836734693878 0.025032938076416336
4 0.8591836734693877 0.06258234519104085 0.05102040816326531 0.03293807641633729
1 0.21836734693877552 0.27733860342555994 0.04183673469387755 0.048748353096179184
1 0.24183673469387756 0.2977602108036891 0.0336734693877551 0.052700922266139656
3 0.22704081632653061 0.15810276679841898 0.04897959183673469 0.17918313570487485
1 0.6326530612244898 0.347167325428195 0.03469387755102041 0.05928853754940711
1 0.813265306122449 0.7714097496706193 0.044897959183673466 0.05928853754940711
1 0.8928571428571429 0.7720685111989459 0.04387755102040816 0.05533596837944664