1 0.23214285714285715 0.8689064558629777 0.04285714285714286 0.05533596837944664
1 0.186734693877551 0.883399209486166 0.05510204081632653 0.05138339920948617
1 0.701530612244898 0.4090909090909091 0.03775510204081633 0.05665349143610013
1 0.7602040816326531 0.23122529644268774 0.03469387755102041 0.0461133069828722
2 0.6454081632653061 0.8715415019762845 0.4051020408163265 0.25691699604743085
2 0.6413265306122449 0.2002635046113307 0.40714285714285714 0.4005270092226614
2 0.29846938775510207 0.8254281949934124 0.21326530612244898 0.34914361001317523
1 0.7586734693877552 0.9044795783926218 0.03979591836734694 0.057971014492753624
1 0.7515306122448979 0.7944664031620553 0.03877551020408163 0.048748353096179184
1 0.685204081632653 0.8412384716732543 0.03775510204081633 0.04084321475625823
1 0.6846938775510204 0.8069828722002635 0.0326530612244898 0.04084321475625823
1 0.698469387755102 0.22661396574440051 0.04081632653061224 0.05401844532279315
3 0.5352040816326531 0.691699604743083 0.17857142857142858 0.11462450592885376
1 0.7158163265306122 0.7444005270092227 0.0326530612244898 0.05138339920948617
1 0.6887755102040817 0.741106719367589 0.0326530612244898 0.0461133069828722
1 0.6178571428571429 0.7101449275362319 0.04285714285714286 0.04216073781291173
3 0.8025510204081633 0.18115942028985507 0.05714285714285714 0.12121212121212122
4 0.8367346938775511 0.1963109354413702 0.02142857142857143 0.07905138339920949
4 0.8372448979591837 0.34189723320158105 0.02040816326530612 0.08432147562582346
4 0.5336734693877551 0.1225296442687747 0.0663265306122449 0.028985507246376812
4 0.44948979591836735 0.24967061923583664 0.024489795918367346 0.08300395256916997
4 0.2010204081632653 0.7720685111989459 0.02346938775510204 0.08827404479578392
4 0.45255102040816325 0.8873517786561265 0.022448979591836733 0.11330698287220026
4 0.5581632653061225 0.7569169960474308 0.07857142857142857 0.021080368906455864
4 0.6341836734693878 0.6198945981554678 0.013265306122448979 0.07509881422924901
4 0.6683673469387755 0.5744400527009222 0.07346938775510205 0.028985507246376812
4 0.7331632653061224 0.575098814229249 0.07346938775510205 0.025032938076416336
4 0.7989795918367347 0.5744400527009222 0.07346938775510205 0.021080368906455864
4 0.8403061224489796 0.621870882740448 0.02040816326530612 0.08432147562582346
4 0.838265306122449 0.6963109354413702 0.02040816326530612 0.08563899868247694
4 0.8387755102040816 0.8274044795783926 0.019387755102040816 0.05928853754940711
4 0.8387755102040816 0.9637681159420289 0.025510204081632654 0.06587615283267458
1 0.6724489795918367 0.13636363636363635 0.03775510204081633 0.05401844532279315
1 0.6566326530612245 0.16666666666666666 0.04081632653061224 0.043478260869565216
3 0.764795918367347 0.14756258234519104 0.13877551020408163 0.06324110671936758
1 0.6183673469387755 0.6712779973649539 0.04591836734693878 0.04479578392621871
1 0.2897959183673469 0.9044795783926218 0.04591836734693878 0.057971014492753624
1 0.28877551020408165 0.9894598155467721 0.04285714285714286 0.021080368906455864