4 0.7163009404388715 0.04033214709371293 0.10736677115987461 0.03914590747330961
1 0.2582288401253918 0.7532621589561092 0.0438871473354232 0.054567022538552785
1 0.11598746081504702 0.727164887307236 0.0438871473354232 0.0830367734282325
1 0.1665360501567398 0.337485172004745 0.04231974921630094 0.07591933570581258
1 0.21904388714733541 0.337485172004745 0.04231974921630094 0.07354685646500593
1 0.21003134796238246 0.531435349940688 0.04310344827586207 0.066429418742586
1 0.2644984326018809 0.48695136417556345 0.054075235109717866 0.06998813760379596
1 0.3542319749216301 0.4359430604982206 0.048589341692789965 0.09608540925266904
1 0.35619122257053293 0.3665480427046263 0.04467084639498432 0.0937129300118624
1 0.6010971786833855 0.8837485172004745 0.05329153605015674 0.1103202846975089
1 0.570141065830721 0.7093712930011863 0.04467084639498432 0.07473309608540925
1 0.6328369905956113 0.6761565836298933 0.048589341692789965 0.07829181494661921
1 0.7523510971786834 0.2752075919335706 0.07836990595611286 0.0830367734282325
1 0.8040752351097179 0.2793594306049822 0.0768025078369906 0.0830367734282325
4 0.29153605015673983 0.8428232502965599 0.04623824451410658 0.033214709371293
4 0.13322884012539185 0.8463819691577699 0.08620689655172414 0.03795966785290629
4 0.11677115987460815 0.039739027283511266 0.11050156739811912 0.03795966785290629
4 0.32405956112852663 0.267497034400949 0.022727272727272728 0.1542111506524318
4 0.39302507836990597 0.4916963226571768 0.02664576802507837 0.1542111506524318
4 0.6359717868338558 0.8451957295373665 0.03134796238244514 0.03202846975088968
4 0.7644984326018809 0.8499406880189798 0.08072100313479624 0.03558718861209965
4 0.8205329153605015 0.8481613285883749 0.04231974921630094 0.033214709371293
4 0.8491379310344828 0.4804270462633452 0.03134796238244514 0.1376037959667853
4 0.5478056426332288 0.039739027283511266 0.04075235109717868 0.03202846975088968
4 0.7789968652037618 0.11565836298932385 0.03605015673981191 0.11387900355871886
2 0.2249216300940439 0.4424673784104389 0.3683385579937304 0.8374851720047449
2 0.6802507836990596 0.44365361803084225 0.3605015673981191 0.8398576512455516
0 0.1445924764890282 0.767497034400949 0.1833855799373041 0.13404507710557534
0 0.5525078369905956 0.5830367734282325 0.08620689655172414 0.18861209964412812
3 0.0975705329153605 0.5213523131672598 0.08855799373040753 0.07473309608540925
3 0.09796238244514106 0.4483985765124555 0.08934169278996865 0.06761565836298933
3 0.5556426332288401 0.4483985765124555 0.09482758620689655 0.07354685646500593