2 0.4541015625 0.5026041666666666 0.60595703125 0.8483072916666666
1 0.50927734375 0.548828125 0.04443359375 0.06640625
4 0.36279296875 0.10481770833333333 0.2001953125 0.072265625
4 0.509765625 0.10481770833333333 0.05419921875 0.057942708333333336
4 0.48486328125 0.2955729166666667 0.02490234375 0.09440104166666667
1 0.4609375 0.5833333333333334 0.0771484375 0.09440104166666667
1 0.4658203125 0.375 0.0634765625 0.07747395833333333
1 0.21923828125 0.13802083333333334 0.052734375 0.091796875
1 0.55224609375 0.5481770833333334 0.046875 0.07356770833333333
0 0.66162109375 0.8444010416666666 0.11767578125 0.12630208333333334
1 0.6123046875 0.55078125 0.05810546875 0.09309895833333333
1 0.6298828125 0.484375 0.05615234375 0.06380208333333333
1 0.74755859375 0.6666666666666666 0.08837890625 0.13606770833333334
1 0.63671875 0.7486979166666666 0.046875 0.08333333333333333