2 0.501953125 0.4388020833333333 0.63623046875 0.8079427083333334
1 0.53662109375 0.5123697916666666 0.0498046875 0.059244791666666664
4 0.20361328125 0.3170572916666667 0.05419921875 0.2669270833333333
4 0.20361328125 0.5130208333333334 0.04345703125 0.072265625
4 0.3466796875 0.4798177083333333 0.07080078125 0.033203125
1 0.5625 0.4479166666666667 0.07080078125 0.10286458333333333
1 0.40625 0.4544270833333333 0.05810546875 0.08463541666666667
1 0.228515625 0.12565104166666666 0.06884765625 0.0703125
1 0.5361328125 0.5696614583333334 0.05517578125 0.0625
0 0.75830078125 0.7154947916666666 0.0947265625 0.15690104166666666
1 0.5380859375 0.6497395833333334 0.06982421875 0.07747395833333333
1 0.48828125 0.6731770833333334 0.0478515625 0.07486979166666667
1 0.625 0.830078125 0.10205078125 0.11783854166666667
1 0.6865234375 0.6822916666666666 0.0625 0.0625