1 0.666767640769779 0.8171223470661673 0.03970776906628653 0.08483146067415731
4 0.8136671418389166 0.6731710362047442 0.011111903064861012 0.2587016229712859
4 0.8132679971489666 0.308083645443196 0.015089094796863864 0.25451935081148563
1 0.5794226657163222 0.6321410736579276 0.05558089807555239 0.10987515605493134
1 0.5798218104062722 0.5438264669163545 0.056379187455452597 0.10570536828963796
1 0.6612116892373485 0.5445193508114857 0.052401995723449744 0.08204744069912609
1 0.6639914468995011 0.3859675405742821 0.056379187455452597 0.09041198501872659
1 0.5714825374198147 0.30460674157303375 0.03811831789023521 0.08344569288389514
1 0.2697469707769066 0.38179151061173533 0.05240912330719886 0.10153558052434457
1 0.22289736279401282 0.3783146067415731 0.06193157519600855 0.09735330836454432
2 0.5329722024233785 0.5069662921348315 0.5709194583036351 0.9026466916354556
0 0.5957020669992872 0.1710861423220974 0.09131860299358517 0.19470661672908865