1 0.41690816326530616 0.8184473684210526 0.1100204081632653 0.06257894736842105
1 0.44063265306122446 0.7370855263157895 0.10138775510204082 0.06674999999999999
1 0.44170408163265307 0.9060657894736842 0.09491836734693877 0.0848421052631579
1 0.31767346938775515 0.9081578947368422 0.08412244897959184 0.08344736842105263
1 0.21413265306122448 0.7426447368421052 0.08414285714285713 0.06676315789473684
4 0.2961122448979592 0.2815921052631579 0.20924489795918366 0.03476315789473684
4 0.6671428571428571 0.284375 0.21787755102040818 0.031986842105263154
4 0.732938775510204 0.885203947368421 0.2200408163265306 0.04032894736842105
4 0.09117346938775511 0.824703947368421 0.04961224489795918 0.06674999999999999
1 0.5042755102040817 0.25307894736842107 0.09059183673469388 0.07510526315789473
1 0.5053469387755102 0.31009868421052633 0.1057142857142857 0.07232894736842105
1 0.21520408163265306 0.5402828947368421 0.09061224489795919 0.05980263157894737
0 0.350030612244898 0.5667105263157896 0.15316326530612245 0.09597368421052631
2 0.5107448979591837 0.5806118421052632 0.8758163265306121 0.6300394736842105
4 0.09224489795918367 0.6383355263157895 0.03881632653061225 0.041723684210526316
4 0.09117346938775511 0.5764407894736842 0.041 0.03477631578947368
1 0.38131632653061226 0.6369473684210526 0.07765306122448978 0.06397368421052631
1 0.5743775510204081 0.7183092105263157 0.1100204081632653 0.0625921052631579