1 0.4173469387755102 0.8184210526315789 0.11020408163265306 0.06315789473684211
1 0.44081632653061226 0.7368421052631579 0.10204081632653061 0.06710526315789474
1 0.4418367346938776 0.905921052631579 0.09591836734693877 0.08421052631578947
1 0.3173469387755102 0.9078947368421053 0.0836734693877551 0.08289473684210526
1 0.21428571428571427 0.7427631578947368 0.0836734693877551 0.06710526315789474
4 0.29591836734693877 0.28157894736842104 0.21020408163265306 0.034210526315789476
4 0.6673469387755102 0.28421052631578947 0.21836734693877552 0.031578947368421054
4 0.7326530612244898 0.8855263157894737 0.22040816326530613 0.04078947368421053
4 0.09081632653061225 0.825 0.04897959183673469 0.06710526315789474
1 0.5040816326530613 0.2532894736842105 0.08979591836734693 0.075
1 0.5051020408163265 0.30986842105263157 0.10612244897959183 0.07236842105263158
1 0.2153061224489796 0.5401315789473684 0.08979591836734693 0.05921052631578947
0 0.35 0.5664473684210526 0.15306122448979592 0.09605263157894736
2 0.5112244897959184 0.5809210526315789 0.8755102040816326 0.6302631578947369
4 0.09183673469387756 0.6381578947368421 0.03877551020408163 0.042105263157894736
4 0.09081632653061225 0.5763157894736842 0.04081632653061224 0.034210526315789476
1 0.3816326530612245 0.6368421052631579 0.07755102040816327 0.06447368421052632
1 0.5744897959183674 0.718421052631579 0.11020408163265306 0.06315789473684211