2 0.44931875000000004 0.5716244725738396 0.8949375 0.6536849507735584
4 0.6953 0.269817158931083 0.14585 0.052855133614627285
4 0.47033125 0.2670323488045007 0.1137125 0.05007032348804501
4 0.1520375 0.27677215189873416 0.20642499999999997 0.05562587904360056
1 0.66810625 0.7517369901547117 0.07416249999999999 0.08206751054852321
1 0.64029375 0.6620323488045007 0.0852875 0.10569620253164558
0 0.46785625000000003 0.5966596343178622 0.2101375 0.21140646976090013
1 0.45982500000000004 0.7427004219409282 0.08529999999999999 0.09457102672292544
1 0.4122375 0.9200281293952179 0.09147500000000001 0.11265822784810126
1 0.413475 0.8324050632911392 0.09147500000000001 0.11822784810126583
1 0.29975625 0.3191912798874824 0.0964125 0.11821378340365682
1 0.2991375 0.22253164556962024 0.095175 0.11960618846694797