2 0.563125 0.5267229254571026 0.58125 0.9465541490857946
4 0.295625 0.2805907172995781 0.0475 0.16455696202531644
4 0.293125 0.5330520393811533 0.045 0.1279887482419128
4 0.30125 0.8874824191279888 0.05 0.2250351617440225
1 0.72375 0.3108298171589311 0.0725 0.0829817158931083
1 0.64375 0.34247538677918427 0.09375 0.09563994374120956
0 0.585625 0.5358649789029536 0.1875 0.23628691983122363
1 0.715625 0.5450070323488045 0.08375 0.09563994374120956
1 0.873125 0.5984528832630098 0.1 0.10267229254571027
1 0.795625 0.5970464135021097 0.105 0.10267229254571027
1 0.339375 0.7250351617440225 0.105 0.10829817158931083
1 0.253125 0.7257383966244726 0.10625 0.10689170182841069