0 0.3804185351270553 0.7473118279569892 0.10164424514200299 0.13709677419354838
1 0.24738415545590434 0.6169354838709677 0.03587443946188341 0.10483870967741936
1 0.26307922272047835 0.6290322580645161 0.029895366218236172 0.08602150537634409
1 0.3834080717488789 0.4435483870967742 0.052316890881913304 0.06720430107526881
1 0.4588938714499253 0.030913978494623656 0.053811659192825115 0.06182795698924731
1 0.5396113602391629 0.44086021505376344 0.053811659192825115 0.05913978494623656
1 0.5874439461883408 0.43548387096774194 0.052316890881913304 0.06989247311827956
1 0.44095665171898357 0.7244623655913979 0.029895366218236172 0.07795698924731183
1 0.4641255605381166 0.8951612903225806 0.053811659192825115 0.06451612903225806
1 0.5067264573991032 0.8306451612903226 0.03886397608370702 0.09408602150537634
4 0.35650224215246634 0.03225806451612903 0.11210762331838565 0.051075268817204304
4 0.5343796711509716 0.030913978494623656 0.10762331838565023 0.05913978494623656
4 0.6786248131539612 0.592741935483871 0.03886397608370702 0.22043010752688172
2 0.47085201793721976 0.5 0.4484304932735426 1