0 0.36232436472346785 0.7155645161290323 0.07579970104633782 0.18220430107526883
1 0.12257847533632286 0.913763440860215 0.055680119581464876 0.09456989247311828
1 0.43463378176382655 0.9541129032258063 0.05799701046337817 0.06397849462365592
1 0.42805680119581463 0.9262903225806451 0.04795216741405082 0.0528494623655914
1 0.5316890881913303 0.710013440860215 0.037130044843049326 0.0931989247311828
1 0.769118086696562 0.5744086021505377 0.05258594917787743 0.09736559139784946
1 0.532847533632287 0.4290591397849462 0.033258594917787744 0.09596774193548388
1 0.5359417040358745 0.34283602150537634 0.039446935724962634 0.0931989247311828
1 0.37547085201793723 0.6056989247311828 0.043318385650224216 0.05424731182795699
1 0.2803437967115097 0.5646774193548387 0.035575485799701045 0.09736559139784946
1 0.31591928251121076 0.48748655913978495 0.05258594917787743 0.07094086021505376
4 0.13649476831091184 0.6495026881720429 0.034035874439461884 0.23088709677419356
4 0.7598355754857997 0.7586827956989248 0.02783258594917788 0.20166666666666666
4 0.7609940209267564 0.43880376344086025 0.033258594917787744 0.19330645161290322
4 0.4485500747384155 0.1794220430107527 0.12295964125560539 0.06954301075268818
4 0.13650224215246637 0.35466397849462367 0.035575485799701045 0.23088709677419356
2 0.45164424514200296 0.5514650537634408 0.6565919282511211 0.8052956989247312