0 0.6195814648729447 0.25268817204301075 0.10164424514200299 0.13709677419354838
1 0.7526158445440957 0.38306451612903225 0.03587443946188341 0.10483870967741936
1 0.7369207772795217 0.3709677419354839 0.029895366218236172 0.08602150537634409
1 0.6165919282511211 0.5564516129032258 0.052316890881913304 0.06720430107526881
1 0.5411061285500748 0.967741935483871 0.053811659192825115 0.06451612903225806
1 0.46038863976083705 0.5591397849462365 0.053811659192825115 0.05913978494623656
1 0.4125560538116592 0.5645161290322581 0.052316890881913304 0.06989247311827956
1 0.5590433482810164 0.27553763440860213 0.029895366218236172 0.07795698924731183
1 0.5358744394618834 0.10483870967741936 0.053811659192825115 0.06451612903225806
1 0.49327354260089684 0.1693548387096774 0.03886397608370702 0.09408602150537634
4 0.6434977578475336 0.967741935483871 0.11210762331838565 0.051075268817204304
4 0.4656203288490284 0.9690860215053764 0.10762331838565023 0.05913978494623656
4 0.3213751868460389 0.40725806451612906 0.03886397608370702 0.22043010752688172
2 0.5276532137518685 0.5 0.4484304932735426 1