0 0.30562659846547313 0.6223990208078335 0.10571184995737426 0.14075887392900857
2 0.47101449275362317 0.4602203182374541 0.7536231884057971 0.8127294981640147
1 0.39428815004262574 0.8133414932680538 0.06223358908780904 0.09424724602203183
4 0.83461210571185 0.20257037943696451 0.028132992327365727 0.24112607099143207
4 0.10443307757885763 0.2086903304773562 0.023870417732310314 0.20318237454100369
4 0.10315430520034101 0.48408812729498163 0.029838022165387893 0.19216646266829865
4 0.10272804774083547 0.7386780905752754 0.023017902813299233 0.1003671970624235
1 0.860613810741688 0.3567931456548348 0.06905370843989769 0.08200734394124846
1 0.8120204603580563 0.3623011015911873 0.07161125319693094 0.09302325581395349
1 0.3393009377664109 0.29069767441860467 0.06990622335890878 0.09179926560587515
1 0.33631713554987214 0.5104039167686658 0.06223358908780904 0.08935128518971848
1 0.38235294117647056 0.6217870257037944 0.058823529411764705 0.07833537331701346
1 0.39471440750213127 0.8971848225214198 0.058823529411764705 0.09791921664626684