0 0.6942710997442455 0.6223867809057527 0.1055924978687127 0.14046511627906977
2 0.5291048593350384 0.46035495716034275 0.7536572890025575 0.8122399020807833
1 0.6056351236146632 0.8136291309669523 0.06199488491048593 0.09457772337821296
4 0.16535805626598465 0.2023623011015912 0.02809036658141518 0.2406119951040392
4 0.8957672634271099 0.20861689106487147 0.02421994884910486 0.20305997552019583
4 0.8967348678601874 0.4839963280293757 0.03002557544757033 0.19193390452876377
4 0.8972165387894288 0.7385189718482252 0.023248081841432226 0.1001468788249694
1 0.13919863597612958 0.3567441860465116 0.06878090366581416 0.08205630354957161
1 0.1881202046035806 0.36230722154222766 0.07168797953964194 0.09318237454100367
1 0.6608525149190111 0.2906731946144431 0.06975277067348679 0.09179926560587515
1 0.6637595907928389 0.5104283965728275 0.06199488491048593 0.08900856793145655
1 0.6177450980392157 0.6216952264381885 0.05908780903665815 0.07788249694002448
1 0.605153452685422 0.8970746634026927 0.05908780903665815 0.09735618115055081