0 0.17225069252077563 0.4074959742351047 0.0789612188365651 0.12239935587761676
2 0.4964404432132964 0.5549275362318841 0.9809418282548477 0.8205797101449275
4 0.8983795013850415 0.3344847020933977 0.16030470914127423 0.03476650563607085
4 0.058012465373961215 0.1550644122383253 0.04904432132963989 0.02642512077294686
4 0.13995152354570636 0.15714975845410628 0.0885180055401662 0.030595813204508857
4 0.3367382271468144 0.23295491143317235 0.08732686980609418 0.02642512077294686
4 0.4354293628808864 0.18983091787439613 0.07656509695290858 0.07927536231884058
4 0.5514681440443213 0.15507246376811595 0.16268698060941827 0.0292109500805153
4 0.9815166204986151 0.40472624798711754 0.022728531855955678 0.13908212560386474
4 0.7853324099722991 0.7670289855072464 0.07296398891966759 0.031996779388083735
4 0.5951315789473685 0.8045813204508856 0.09450138504155126 0.029194847020933976
4 0.2763296398891967 0.8080595813204509 0.12440443213296398 0.03338164251207729
4 0.1273961218836565 0.8066666666666666 0.14235457063711912 0.030595813204508857
1 0.06638504155124654 0.31709339774557166 0.04664819944598338 0.05840579710144928
1 0.191398891966759 0.27119967793880834 0.0645983379501385 0.05840579710144928
1 0.25300554016620497 0.20444444444444446 0.0514404432132964 0.0695330112721417
1 0.25359418282548474 0.262157809983897 0.047853185595567865 0.07371980676328503
1 0.23087257617728532 0.4436634460547504 0.05263157894736842 0.04729468599033817
1 0.19079639889196676 0.5563204508856683 0.05621883656509696 0.06397745571658614
1 0.33853185595567864 0.615426731078905 0.05263157894736842 0.07091787439613527
1 0.4808864265927978 0.7357407407407407 0.05980609418282548 0.06397745571658614
1 0.482084487534626 0.8337842190016103 0.05502770083102493 0.07648953301127215
1 0.4641412742382271 0.898462157809984 0.05980609418282548 0.06120772946859903
1 0.7799515235457064 0.5396296296296296 0.052645429362880886 0.0695330112721417
1 0.7799515235457064 0.3052737520128824 0.050235457063711915 0.07650563607085346