0 0.4203601108033241 0.11916264090177134 0.10526315789473684 0.09178743961352658
2 0.5470914127423823 0.5 0.7063711911357341 1
4 0.3573407202216066 0.9347826086956522 0.030470914127423823 0.13043478260869565
4 0.203601108033241 0.007246376811594203 0.0221606648199446 0.014492753623188406
4 0.20498614958448755 0.08132045088566828 0.02631578947368421 0.10305958132045089
4 0.27008310249307477 0.30998389694041867 0.0221606648199446 0.10144927536231885
4 0.23337950138504154 0.4251207729468599 0.06786703601108034 0.08856682769726248
4 0.203601108033241 0.5595813204508857 0.024930747922437674 0.18840579710144928
4 0.7299168975069252 0.8317230273752013 0.027700831024930747 0.0853462157809984
4 0.7617728531855956 0.6103059581320451 0.024930747922437674 0.10950080515297907
4 0.7652354570637119 0.23993558776167473 0.029085872576177285 0.14492753623188406
4 0.7638504155124654 0.0748792270531401 0.02631578947368421 0.1497584541062802
1 0.34210526315789475 0.011272141706924315 0.04986149584487535 0.02254428341384863
1 0.3033240997229917 0.14090177133655393 0.04986149584487535 0.07568438003220612
1 0.2458448753462604 0.21256038647342995 0.05955678670360111 0.05958132045088567
1 0.29570637119113574 0.21336553945249598 0.06371191135734072 0.05636070853462158
1 0.4515235457063712 0.18679549114331723 0.04016620498614958 0.061191626409017714
1 0.5484764542936288 0.14090177133655393 0.055401662049861494 0.06602254428341385
1 0.5990304709141274 0.31239935587761675 0.060941828254847646 0.061191626409017714
1 0.7029085872576177 0.4774557165861514 0.055401662049861494 0.06924315619967794
1 0.7873961218836565 0.47906602254428343 0.0664819944598338 0.0644122383252818
1 0.842797783933518 0.4581320450885668 0.05263157894736842 0.06924315619967794
1 0.5339335180055401 0.8252818035426731 0.05955678670360111 0.061191626409017714
1 0.33240997229916897 0.8252818035426731 0.0664819944598338 0.057971014492753624