0 0.20478036175710596 0.6085227272727273 0.19121447028423771 0.15454545454545454
0 0.774547803617571 0.4943181818181818 0.1124031007751938 0.0875
2 0.5277777777777778 0.5596590909090909 0.8875968992248062 0.8136363636363636
1 0.4405684754521964 0.5556818181818182 0.07493540051679587 0.07386363636363637
1 0.22157622739018087 0.6647727272727273 0.06330749354005168 0.05568181818181818
1 0.45671834625323 0.1409090909090909 0.06847545219638243 0.07954545454545454
1 0.7428940568475452 0.5721590909090909 0.07751937984496124 0.056818181818181816
1 0.689922480620155 0.5028409090909091 0.07235142118863049 0.056818181818181816
4 0.3804909560723514 0.8142045454545455 0.14082687338501293 0.031818181818181815
4 0.09431524547803617 0.5704545454545454 0.040051679586563305 0.06136363636363636
4 0.8294573643410853 0.8142045454545455 0.14987080103359174 0.035227272727272725
1 0.7435400516795866 0.3698863636363636 0.07622739018087855 0.06136363636363636
4 0.187984496124031 0.8142045454545455 0.0710594315245478 0.031818181818181815
1 0.07041343669250646 0.4818181818181818 0.09689922480620156 0.0625
1 0.21511627906976744 0.5068181818181818 0.06976744186046512 0.06818181818181818
1 0.8649870801033591 0.38579545454545455 0.06589147286821706 0.060227272727272727
4 0.8145994832041343 0.16761363636363635 0.15503875968992248 0.0375
4 0.5742894056847545 0.16590909090909092 0.18087855297157623 0.035227272727272725
4 0.28552971576227393 0.16761363636363635 0.17183462532299743 0.035227272727272725
4 0.0962532299741602 0.42613636363636365 0.03359173126614987 0.060227272727272727
1 0.6479328165374677 0.9119318181818182 0.08010335917312661 0.060227272727272727
1 0.6627906976744186 0.84375 0.07622739018087855 0.08181818181818182
1 0.3695090439276486 0.49375 0.08397932816537468 0.06136363636363636