0 0.20507105943152457 0.6084659090909091 0.19133074935400518 0.15438636363636365
0 0.7743410852713178 0.4944147727272727 0.11227390180878553 0.087625
2 0.5276614987080103 0.5597840909090909 0.8871059431524548 0.8136363636363636
1 0.4406847545219638 0.5556136363636364 0.07431524547803618 0.07370454545454545
1 0.22167958656330747 0.6647954545454545 0.06325581395348838 0.05563636363636364
1 0.4564987080103359 0.14114772727272729 0.067984496124031 0.07927272727272727
1 0.7427131782945736 0.5723068181818182 0.07749354005167958 0.057022727272727274
1 0.6897416020671835 0.5027613636363636 0.0727390180878553 0.057022727272727274
4 0.3806007751937985 0.8143011363636364 0.14073643410852715 0.031988636363636365
4 0.0943798449612403 0.570221590909091 0.03953488372093023 0.06119318181818182
4 0.8296834625322996 0.814306818181818 0.15021963824289405 0.034772727272727275
1 0.7435077519379846 0.36993750000000003 0.07590439276485789 0.06119318181818182
4 0.18767441860465114 0.8143011363636364 0.07116279069767442 0.031988636363636365
1 0.07065891472868217 0.4818977272727273 0.09645994832041344 0.06259090909090909
1 0.21534883720930234 0.5069375 0.06958656330749353 0.06814772727272728
1 0.8652648578811369 0.3859375 0.06642118863049096 0.05980681818181818
4 0.8146640826873386 0.16757386363636365 0.15496124031007752 0.03755681818181818
4 0.5743087855297158 0.16618181818181818 0.18027131782945738 0.034772727272727275
4 0.28571705426356586 0.16757954545454545 0.17236434108527132 0.034772727272727275
4 0.09596253229974161 0.42626704545454547 0.033217054263565894 0.05980681818181818
1 0.647829457364341 0.9116647727272729 0.08064599483204135 0.05980681818181818
1 0.6628617571059432 0.8435170454545455 0.07590439276485789 0.08205681818181818
1 0.3695284237726098 0.49372159090909096 0.08381136950904393 0.06119318181818182