4 0.782950423216445 0.8326745718050066 0.02176541717049577 0.09354413702239789
1 0.2545344619105199 0.3774703557312253 0.06287787182587666 0.05401844532279315
4 0.1185006045949214 0.8847167325428195 0.08948004836759371 0.02766798418972332
4 0.6819830713422007 0.4288537549407115 0.12091898428053205 0.023715415019762844
4 0.5429262394195888 0.4281949934123847 0.1003627569528416 0.025032938076416336
4 0.4117291414752116 0.4268774703557312 0.10519951632406288 0.02766798418972332
4 0.2799274486094317 0.2826086956521739 0.02176541717049577 0.13043478260869565
4 0.23035066505441354 0.19894598155467721 0.07496977025392987 0.030303030303030304
1 0.5828295042321644 0.761528326745718 0.02781136638452237 0.034255599472990776
1 0.914752116082225 0.30434782608695654 0.045949214026602174 0.05533596837944664
1 0.18863361547763 0.7213438735177866 0.053204353083434096 0.05665349143610013
1 0.2418379685610641 0.9104084321475626 0.04232164449818621 0.07114624505928854
1 0.24244256348246676 0.8287220026350461 0.045949214026602174 0.057971014492753624
1 0.4183796856106409 0.9064558629776021 0.05078597339782346 0.06324110671936758
1 0.3041112454655381 0.7865612648221344 0.037484885126964934 0.04084321475625823
1 0.6185006045949214 0.7648221343873518 0.041112454655380895 0.04216073781291173
1 0.656590084643289 0.6884057971014492 0.03990326481257558 0.04743083003952569
1 0.6275695284159613 0.7075098814229249 0.045949214026602174 0.05928853754940711
1 0.6318016928657799 0.6343873517786561 0.04836759371221282 0.05533596837944664
1 0.532043530834341 0.6357048748353096 0.045949214026602174 0.052700922266139656
1 0.3252720677146312 0.6350461133069829 0.04353083434099154 0.06851119894598155
1 0.3041112454655381 0.37812911725955206 0.06287787182587666 0.06060606060606061
2 0.40326481257557434 0.544137022397892 0.7762998790810157 0.7035573122529645
2 0.8688029020556227 0.16930171277997366 0.17896009673518742 0.2437417654808959
0 0.32285368802902054 0.8438735177865613 0.08222490931076179 0.0764163372859025
0 0.6880290205562273 0.8069828722002635 0.17291414752116083 0.15810276679841898