4 0.1946795646916566 0.808300395256917 0.08585247883917775 0.023715415019762844
1 0.6124546553808948 0.23254281949934125 0.049576783555018135 0.06851119894598155
4 0.14691656590084642 0.08432147562582346 0.02539298669891173 0.09749670619235837
4 0.5652962515114873 0.6982872200263505 0.02176541717049577 0.13175230566534915
4 0.56590084643289 0.546772068511199 0.022974607013301087 0.10935441370223979
4 0.5671100362756953 0.4038208168642951 0.02539298669891173 0.11462450592885376
4 0.6995163240628779 0.2602108036890646 0.11970979443772672 0.023715415019762844
4 0.7762998790810157 0.20619235836627142 0.02781136638452237 0.08168642951251646
1 0.2599758162031439 0.5902503293807642 0.03143893591293833 0.030303030303030304
1 0.6795646916565901 0.9519104084321476 0.05078597339782346 0.05006587615283267
1 0.2968561064087062 0.16073781291172595 0.05199516324062878 0.057971014492753624
1 0.12333736396614269 0.21870882740447958 0.06529625151148731 0.0461133069828722
1 0.19830713422007254 0.21936758893280633 0.053204353083434096 0.05006587615283267
1 0.12696493349455865 0.41106719367588934 0.05804111245465538 0.05533596837944664
1 0.2370012091898428 0.2865612648221344 0.037484885126964934 0.04084321475625823
1 0.2569528415961306 0.6291172595520421 0.03869407496977025 0.04479578392621871
1 0.3270858524788392 0.6706192358366272 0.04353083434099154 0.043478260869565216
1 0.309552599758162 0.6389986824769434 0.05441354292623942 0.05006587615283267
1 0.3766626360338573 0.6436100131752306 0.05078597339782346 0.052700922266139656
1 0.375453446191052 0.5349143610013175 0.04836759371221282 0.05006587615283267
1 0.37605804111245467 0.3096179183135705 0.06287787182587666 0.04743083003952569
1 0.6118500604594922 0.2865612648221344 0.05562273276904474 0.06851119894598155
2 0.45949214026602175 0.40843214756258234 0.6457073760580411 0.8168642951251647
2 0.8035066505441354 0.9018445322793149 0.22370012091898428 0.19499341238471674
0 0.18440145102781136 0.3069828722002635 0.07013301088270858 0.08959156785243742
0 0.21825876662636035 0.7048748353096179 0.14510278113663846 0.18840579710144928