0 0.6754617414248021 0.14779499404052443 0.18997361477572558 0.29558998808104886
2 0.4762532981530343 0.5 0.6517150395778364 1
1 0.3548812664907652 0.7044100119189511 0.08443271767810026 0.12753277711561384
1 0.20580474934036938 0.4088200238379023 0.12137203166226913 0.13230035756853398
4 0.2941952506596306 0.03694874851013111 0.04133685136323659 0.07389749702026222
4 0.167985927880387 0.533969010727056 0.044854881266490766 0.1466030989272944
4 0.1644678979771328 0.6722288438617402 0.05013192612137203 0.14421930870083433
4 0.29331574318381703 0.9821215733015495 0.04309586631486367 0.03575685339690107
1 0.3333333333333333 0.1197854588796186 0.12137203166226913 0.1299165673420739
1 0.810905892700088 0.5578069129916567 0.10202286719437115 0.1263408820023838
1 0.6539138082673702 0.35518474374255066 0.0932277924362357 0.14183551847437426