0 0.20550131926121373 0.7378784266984505 0.28736147757255937 0.2573063170441001
2 0.5067150395778364 0.468057210965435 0.9534300791556728 0.8831704410011919
1 0.6509102902374669 0.30324791418355185 0.09441512752858398 0.11405244338498212
1 0.4328232189973615 0.10157926102502979 0.09750219876868953 0.16411203814064362
4 0.11826297273526826 0.22119189511323006 0.13547053649956026 0.055637663885578066
4 0.5251890941072999 0.050119189511323 0.10775725593667546 0.06119189511323004
4 0.6273087071240105 0.04525029797377831 0.10673702726473175 0.06814064362336114
4 0.8818293755496922 0.21980333730631704 0.07799472295514512 0.05841477949940405
1 0.2193579595426561 0.2740405244338498 0.09544415127528584 0.1641239570917759
1 0.5426385224274406 0.9214660309892729 0.09338610378188215 0.13768772348033373
1 0.393311345646438 0.7086710369487486 0.1046877748460862 0.1265673420738975