0 0.3245382585751979 0.14779499404052443 0.18997361477572558 0.29558998808104886
2 0.5237467018469657 0.5 0.6517150395778364 1
1 0.6451187335092349 0.7044100119189511 0.08443271767810026 0.12753277711561384
1 0.7941952506596306 0.4088200238379023 0.12137203166226913 0.13230035756853398
4 0.7058047493403694 0.03694874851013111 0.04133685136323659 0.07389749702026222
4 0.832014072119613 0.533969010727056 0.044854881266490766 0.1466030989272944
4 0.8355321020228672 0.6722288438617402 0.05013192612137203 0.14421930870083433
4 0.706684256816183 0.9821215733015495 0.04309586631486367 0.03575685339690107
1 0.6666666666666666 0.1197854588796186 0.12137203166226913 0.1299165673420739
1 0.18909410729991205 0.5578069129916567 0.10202286719437115 0.1263408820023838
1 0.3460861917326297 0.35518474374255066 0.0932277924362357 0.14183551847437426