0 0.24304635761589405 0.5814569536423841 0.19072847682119207 0.38543046357615895
2 0.5470198675496689 0.5046357615894039 0.8781456953642384 0.9218543046357616
1 0.08874172185430464 0.16357615894039734 0.12582781456953643 0.08609271523178808
4 0.9622516556291391 0.5013245033112583 0.05827814569536424 0.2980132450331126
4 0.9145695364238411 0.6562913907284769 0.07682119205298013 0.051655629139072845
4 0.7688741721854304 0.8019867549668874 0.060927152317880796 0.21986754966887417
1 0.8430463576158941 0.6920529801324503 0.08344370860927153 0.1337748344370861
1 0.6735099337748345 0.6112582781456953 0.08079470198675497 0.10331125827814569
1 0.3741721854304636 0.695364238410596 0.08344370860927153 0.07682119205298013
1 0.2933774834437086 0.7483443708609272 0.0781456953642384 0.09006622516556291
1 0.28807947019867547 0.3562913907284768 0.0781456953642384 0.09271523178807947
1 0.16688741721854305 0.16688741721854305 0.11390728476821192 0.07947019867549669