0 0.5814569536423841 0.756953642384106 0.38543046357615895 0.19072847682119207
2 0.5046357615894039 0.45298013245033114 0.9218543046357616 0.8781456953642384
1 0.16357615894039734 0.9112582781456954 0.08609271523178808 0.12582781456953643
4 0.5013245033112583 0.03774834437086093 0.2980132450331126 0.05827814569536424
4 0.6562913907284769 0.08543046357615894 0.051655629139072845 0.07682119205298013
4 0.8019867549668874 0.23112582781456953 0.21986754966887417 0.060927152317880796
1 0.6920529801324503 0.15695364238410597 0.1337748344370861 0.08344370860927153
1 0.6112582781456953 0.3264900662251656 0.10331125827814569 0.08079470198675497
1 0.695364238410596 0.6258278145695364 0.07682119205298013 0.08344370860927153
1 0.7483443708609272 0.7066225165562914 0.09006622516556291 0.0781456953642384
1 0.3562913907284768 0.7119205298013245 0.09271523178807947 0.0781456953642384
1 0.16688741721854305 0.833112582781457 0.07947019867549669 0.11390728476821192