0 0.5813178807947019 0.7572582781456954 0.38525827814569535 0.1905430463576159
2 0.5048211920529801 0.4526688741721855 0.9221192052980133 0.8776026490066225
1 0.16337748344370862 0.9109470198675497 0.0862251655629139 0.12517880794701988
4 0.5013509933774835 0.037509933774834435 0.2976423841059603 0.05841059602649007
4 0.6564238410596027 0.08549006622516557 0.05147019867549669 0.07649006622516556
4 0.8017682119205298 0.23083443708609272 0.2197483443708609 0.06119205298013245
1 0.6918874172185431 0.15711920529801324 0.13352317880794703 0.0834569536423841
1 0.611225165562914 0.3268013245033113 0.10292715231788079 0.08067549668874172
1 0.695364238410596 0.6258278145695364 0.07650331125827814 0.08344370860927153
1 0.7482185430463576 0.7064900662251655 0.09039735099337748 0.07788079470198675
1 0.35600662251655635 0.7120596026490067 0.09317880794701985 0.07789403973509934
1 0.1668543046357616 0.8330596026490065 0.07927152317880795 0.11403973509933774