4 0.3125 0.9961880559085133 0.037121212121212124 0.007623888182973317
4 0.6973484848484849 0.9961880559085133 0.09772727272727273 0.007623888182973317
4 0.5746212121212121 0.3900889453621347 0.03409090909090909 0.03303684879288437
4 0.44545454545454544 0.3900889453621347 0.030303030303030304 0.030495552731893267
4 0.31666666666666665 0.3900889453621347 0.037121212121212124 0.02795425667090216
4 0.4462121212121212 0.9955527318932655 0.10151515151515152 0.008894536213468869
1 0.6450757575757575 0.30432020330368487 0.03409090909090909 0.048284625158831
1 0.2821969696969697 0.204574332909784 0.031818181818181815 0.06480304955527319
1 0.3015151515151515 0.6937738246505718 0.04015151515151515 0.05082592121982211
1 0.3496212121212121 0.9269377382465057 0.029545454545454545 0.04955527318932656
1 0.31325757575757573 0.8831003811944091 0.02727272727272727 0.05972045743329098
1 0.33636363636363636 0.8386277001270648 0.029545454545454545 0.05717916137229987
1 0.3359848484848485 0.6257941550190598 0.02727272727272727 0.05082592121982211
1 0.34393939393939393 0.5864040660736975 0.02878787878787879 0.03939008894536213
1 0.40795454545454546 0.5825921219822109 0.02878787878787879 0.062261753494282084
1 0.4083333333333333 0.6181702668360864 0.026515151515151516 0.04701397712833545
1 0.39886363636363636 0.7706480304955527 0.025757575757575757 0.054637865311308764
1 0.6166666666666667 0.7693773824650572 0.03484848484848485 0.062261753494282084
4 0.5431818181818182 0.6016518424396442 0.07575757575757576 0.03303684879288437
4 0.7090909090909091 0.5991105463786531 0.10227272727272728 0.029224904701397714
4 0.6977272727272728 0.38881829733163914 0.03636363636363636 0.030495552731893267
2 0.509469696969697 0.2013977128335451 0.5234848484848484 0.4027954256670902
2 0.509469696969697 0.741423125794155 0.5280303030303031 0.5171537484116899
3 0.675 0.3176620076238882 0.05075757575757576 0.0940279542566709
3 0.668939393939394 0.9479034307496823 0.05606060606060606 0.09148665819567979
0 0.35568181818181815 0.8792884371029225 0.055303030303030305 0.12706480304955528
0 0.3515151515151515 0.5349428208386277 0.06212121212121212 0.060991105463786534
4 0.5734848484848485 0.9961880559085133 0.1 0.007623888182973317