4 0.19734848484848486 0.8143138500635324 0.01824242424242424 0.06257941550190597
4 0.19693181818181818 0.16827191867852606 0.019075757575757576 0.16411689961880557
4 0.5655265151515152 0.37481575603557815 0.019901515151515153 0.05702668360864041
4 0.5655227272727272 0.5917789072426938 0.01824242424242424 0.05146124523506988
4 0.5655227272727272 0.8073570520965693 0.01659090909090909 0.06259212198221092
4 0.19817424242424245 0.5896950444726811 0.01824242424242424 0.16968233799237611
1 0.6165189393939393 0.2565946632782719 0.029022727272727273 0.05702668360864041
1 0.6762234848484848 0.8650762388818296 0.03897727272727273 0.05284625158831004
1 0.38434090909090907 0.8330876747141042 0.03068181818181818 0.06675984752223633
1 0.24544318181818178 0.7524205844980941 0.029856060606060605 0.05007623888182973
1 0.27156439393939397 0.8129224904701398 0.03565909090909091 0.04589580686149936
1 0.29809848484848483 0.7746759847522238 0.034 0.05006353240152477
1 0.424969696969697 0.7753748411689961 0.03068181818181818 0.04589580686149936
1 0.44860227272727277 0.7614548919949173 0.02321969696969697 0.048678526048284626
1 0.4506742424242424 0.6543646759847522 0.03731818181818182 0.048678526048284626
1 0.42953030303030304 0.6536721728081322 0.028196969696969696 0.04449809402795426
1 0.3387310606060606 0.6696632782719186 0.03234090909090909 0.043113087674714105
1 0.33956060606060606 0.30458068614993644 0.03731818181818182 0.05841168996188056
4 0.4394810606060606 0.4276620076238882 0.019901515151515153 0.12655654383735704
4 0.44072348484848484 0.14949809402795425 0.017416666666666667 0.17106734434561627
4 0.5663522727272726 0.16827191867852606 0.01825 0.061194409148665814
2 0.6861742424242424 0.4832973316391359 0.25622727272727275 0.8775984752223633
2 0.3486780303030303 0.48329733163913596 0.3225681818181818 0.8859593392630242
3 0.6086401515151516 0.20652477763659466 0.056386363636363644 0.08484116899618806
3 0.23300378787878787 0.21695679796696316 0.05473484848484848 0.094574332909784
0 0.27404924242424245 0.7419885641677254 0.07546212121212122 0.09317662007623888
0 0.4792803030303031 0.7489453621346887 0.03648484848484848 0.10432020330368487
4 0.19776136363636365 0.3762007623888183 0.017416666666666667 0.168284625158831