4 0.8026515151515151 0.8144853875476493 0.01818181818181818 0.062261753494282084
4 0.803030303030303 0.16836086404066072 0.01893939393939394 0.1639135959339263
4 0.43446969696969695 0.3748411689961881 0.019696969696969695 0.05717916137229987
4 0.43446969696969695 0.5914866581956798 0.01818181818181818 0.05082592121982211
4 0.43446969696969695 0.8074968233799238 0.016666666666666666 0.062261753494282084
4 0.8018939393939394 0.5895806861499364 0.01818181818181818 0.17026683608640406
1 0.38333333333333336 0.25667090216010163 0.02878787878787879 0.05717916137229987
1 0.32386363636363635 0.8653113087674714 0.038636363636363635 0.053367217280813214
1 0.615530303030303 0.8329097839898348 0.030303030303030304 0.06734434561626429
1 0.7545454545454545 0.7522236340533672 0.029545454545454545 0.04955527318932656
1 0.7284090909090909 0.8132147395171537 0.035606060606060606 0.045743329097839895
1 0.7018939393939394 0.7744599745870394 0.03409090909090909 0.04955527318932656
1 0.575 0.7750952986022872 0.030303030303030304 0.045743329097839895
1 0.5515151515151515 0.7617534942820838 0.023484848484848483 0.048284625158831
1 0.5492424242424242 0.6543837357052097 0.037121212121212124 0.048284625158831
1 0.5704545454545454 0.6537484116899619 0.02803030303030303 0.044472681067344345
1 0.6613636363636364 0.6696315120711563 0.03257575757575758 0.043202033036848796
1 0.6606060606060606 0.30432020330368487 0.037121212121212124 0.05844980940279543
4 0.5606060606060606 0.4275730622617535 0.019696969696969695 0.12706480304955528
4 0.5590909090909091 0.14930114358322744 0.017424242424242425 0.17153748411689962
4 0.4337121212121212 0.16836086404066072 0.01818181818181818 0.060991105463786534
2 0.31363636363636366 0.4834815756035578 0.25606060606060604 0.8780177890724269
2 0.6511363636363636 0.4834815756035578 0.32272727272727275 0.8856416772554002
3 0.3912878787878788 0.20648030495552733 0.05606060606060606 0.08513341804320203
3 0.7670454545454546 0.21664548919949175 0.05454545454545454 0.0940279542566709
0 0.7261363636363637 0.7420584498094028 0.07575757575757576 0.09275730622617535
0 0.5208333333333334 0.7490470139771284 0.03636363636363636 0.10419313850063533
4 0.8022727272727272 0.3761118170266836 0.017424242424242425 0.16772554002541296