1 0.1956769055745165 0.41736990154711673 0.06655290102389079 0.07243319268635724
1 0.643344709897611 0.8895921237693389 0.05745164960182025 0.07383966244725738
1 0.8577929465301479 0.6315049226441631 0.051763367463026164 0.07524613220815753
1 0.7289533560864618 0.6409985935302391 0.06655290102389079 0.0639943741209564
1 0.6166097838452788 0.30450070323488043 0.052901023890784986 0.08649789029535865
1 0.6857224118316269 0.570323488045007 0.05858930602957907 0.06680731364275667
1 0.7261092150170648 0.4532348804500703 0.05631399317406143 0.06680731364275667
1 0.6254266211604096 0.43037974683544306 0.05745164960182025 0.07665260196905767
4 0.2164391353811149 0.3009845288326301 0.01820250284414107 0.17369901547116737
4 0.9203640500568828 0.6828410689170182 0.01478953356086462 0.16385372714486637
4 0.9203640500568828 0.5284810126582279 0.01478953356086462 0.0639943741209564
4 0.9203640500568828 0.3853727144866385 0.017064846416382253 0.18635724331926865
0 0.7531285551763367 0.5471167369901547 0.0875995449374289 0.09563994374120956
2 0.5696814562002275 0.5235583684950773 0.7201365187713311 0.6997187060478199