1 0.8042605233219567 0.4172468354430379 0.06637087599544937 0.07232770745428972
1 0.3565130830489192 0.8894303797468355 0.057372013651877135 0.07371308016877637
1 0.1422013651877133 0.6314345991561181 0.05175199089874858 0.0751054852320675
1 0.2710125142207054 0.6411673699015471 0.06637087599544937 0.0639803094233474
1 0.38351251422070537 0.304592123769339 0.05287258248009102 0.08623066104078762
1 0.3143230944254835 0.5702355836849508 0.05849829351535837 0.06675808720112518
1 0.27382536973833904 0.4534071729957806 0.0562514220705347 0.06675808720112518
1 0.3745108077360637 0.43045710267229254 0.057372013651877135 0.07649789029535865
4 0.7834470989761092 0.3011111111111111 0.017997724687144483 0.17385372714486638
4 0.07976393629124004 0.6828938115330521 0.014624573378839592 0.1641139240506329
4 0.07976393629124004 0.5285126582278481 0.014624573378839592 0.0639732770745429
4 0.07976109215017065 0.3852566807313643 0.016871444823663255 0.18636427566807312
0 0.2468259385665529 0.547289029535865 0.08774744027303753 0.0959704641350211
2 0.4301990898748578 0.5236427566807313 0.72 0.6995780590717299