1 0.5668373151308305 0.8762306610407876 0.05858930602957907 0.08227848101265822
1 0.18486916951080773 0.3227848101265823 0.059726962457337884 0.0710267229254571
1 0.39362912400455063 0.057665260196905765 0.0608646188850967 0.0639943741209564
1 0.3859499431171786 0.2169479606188467 0.051763367463026164 0.08227848101265822
1 0.6581342434584755 0.3558368495077356 0.06996587030716724 0.06540084388185655
1 0.4431171786120592 0.27039381153305203 0.0540386803185438 0.07243319268635724
1 0.5378270762229806 0.22046413502109705 0.0540386803185438 0.06962025316455696
1 0.5563139931740614 0.3449367088607595 0.062002275312855515 0.0710267229254571
4 0.6609783845278726 0.85056258790436 0.14050056882821388 0.02250351617440225
0 0.46188850967007966 0.18706047819971872 0.07736063708759955 0.10829817158931083
2 0.48094425483503983 0.4293248945147679 0.5659840728100114 0.8586497890295358