4 0.21361979166666667 0.648158273381295 0.054114583333333334 0.02503597122302158
3 0.053144531249999995 0.31297122302158276 0.02516927083333333 0.04450359712230216
4 0.39989583333333334 0.6210359712230216 0.02390625 0.040345323741007195
4 0.11607421875 0.19683453237410073 0.0176171875 0.057035971223021585
3 0.5975 0.3442661870503597 0.04908854166666667 0.11543884892086331
3 0.43136067708333337 0.7893237410071943 0.05412760416666667 0.09597122302158274
3 0.3319270833333334 0.5306330935251798 0.06921875 0.08207194244604317
3 0.14313802083333335 0.3686043165467626 0.039010416666666665 0.07510791366906475
1 0.50939453125 0.7204748201438849 0.023919270833333336 0.03338129496402878
4 0.198515625 0.11477697841726618 0.06166666666666667 0.020863309352517987
1 0.64029296875 0.7684676258992806 0.0289453125 0.04033093525179856
1 0.6182682291666667 0.7503812949640287 0.030208333333333334 0.023640287769784173
1 0.59560546875 0.7802805755395683 0.03272135416666667 0.022258992805755398
1 0.5219791666666667 0.7851510791366906 0.03145833333333333 0.029208633093525182
1 0.4452018229166666 0.6864028776978417 0.03147135416666667 0.029208633093525182
1 0.49555338541666666 0.5855683453237409 0.036497395833333335 0.03058992805755396
1 0.2431966145833333 0.34356834532374103 0.0276953125 0.02503597122302158
1 0.2450846354166667 0.44509352517985606 0.036497395833333335 0.03058992805755396
1 0.1997721354166667 0.44440287769784165 0.03147135416666667 0.03476258992805755
1 0.11167317708333334 0.3157482014388489 0.023919270833333336 0.036158273381294966
1 0.17271484375 0.3143597122302158 0.02516927083333333 0.03893525179856115
1 0.6855989583333333 0.327568345323741 0.026432291666666666 0.020863309352517987
1 0.75482421875 0.3567841726618705 0.0289453125 0.023640287769784173
1 0.7372005208333333 0.3143597122302158 0.026432291666666666 0.041726618705035974
1 0.7554557291666666 0.1864028776978417 0.027682291666666668 0.02503597122302158
1 0.73783203125 0.20309352517985607 0.0176171875 0.027827338129496403
1 0.6497265625 0.2907122302158273 0.030208333333333334 0.03060431654676259
1 0.2834700520833333 0.46874100719424455 0.02516927083333333 0.04171223021582734
1 0.2538932291666667 0.5202014388489209 0.033984375000000004 0.03058992805755396
4 0.7491666666666666 0.7698561151079136 0.02265625 0.05145323741007194
4 0.381640625 0.1161726618705036 0.06544270833333334 0.020863309352517987
4 0.4640885416666667 0.3435611510791367 0.018880208333333332 0.08623021582733813
4 0.37786458333333334 0.43466187050359706 0.08307291666666666 0.020863309352517987
4 0.27654947916666667 0.5793165467625899 0.018880208333333332 0.057021582733812956
0 0.6975585937500001 0.35817266187050356 0.06545572916666667 0.04589928057553957
4 0.13809895833333333 0.6467697841726618 0.054114583333333334 0.022258992805755398
4 0.07831380208333333 0.48474100719424457 0.02014322916666667 0.057021582733812956
4 0.6409244791666667 0.5181151079136691 0.05286458333333333 0.02365467625899281
4 0.4955533854166667 0.5181151079136691 0.04404947916666666 0.02365467625899281
2 0.26962890624999997 0.3818129496402878 0.4052734375 0.5493812949640288
2 0.74349609375 0.27124460431654673 0.36626302083333334 0.3393525179856115
2 0.5742122395833333 0.679453237410072 0.3675130208333333 0.34074820143884893
0 0.24382161458333332 0.312273381294964 0.06670572916666666 0.04589928057553957