4 0.6341145833333334 0.18345323741007194 0.022135416666666668 0.060431654676258995
3 0.330078125 0.010071942446043165 0.040364583333333336 0.02014388489208633
4 0.609375 0.38920863309352516 0.036458333333333336 0.025899280575539568
4 0.22591145833333334 0.07553956834532374 0.052083333333333336 0.02014388489208633
3 0.359375 0.6079136690647482 0.10416666666666667 0.05467625899280575
3 0.76171875 0.4244604316546763 0.08723958333333333 0.060431654676258995
3 0.5279947916666666 0.3143884892086331 0.07421875 0.07625899280575539
3 0.380859375 0.10575539568345324 0.06770833333333333 0.04316546762589928
1 0.69921875 0.5100719424460431 0.029947916666666668 0.025899280575539568
4 0.15169270833333334 0.1669064748201439 0.018229166666666668 0.06762589928057554
1 0.7428385416666666 0.6546762589928058 0.036458333333333336 0.031654676258992806
1 0.7265625 0.6309352517985611 0.020833333333333332 0.033093525179856115
1 0.75390625 0.6057553956834533 0.01953125 0.03597122302158273
1 0.7578125 0.5244604316546763 0.026041666666666668 0.034532374100719423
1 0.6686197916666666 0.439568345323741 0.026041666666666668 0.034532374100719423
1 0.5774739583333334 0.4949640287769784 0.02734375 0.04028776978417266
1 0.3587239583333333 0.21654676258992805 0.022135416666666668 0.030215827338129497
1 0.4505208333333333 0.21798561151079138 0.02734375 0.04028776978417266
1 0.4498697916666667 0.1683453237410072 0.03125 0.034532374100719423
1 0.3333333333333333 0.07122302158273382 0.032552083333333336 0.025899280575539568
1 0.33203125 0.1381294964028777 0.03515625 0.027338129496402876
1 0.34375 0.7050359712230215 0.018229166666666668 0.02877697841726619
1 0.3704427083333333 0.781294964028777 0.020833333333333332 0.031654676258992806
1 0.33203125 0.7618705035971223 0.037760416666666664 0.02877697841726619
1 0.21614583333333334 0.7820143884892087 0.022135416666666668 0.030215827338129497
1 0.23111979166666666 0.762589928057554 0.024739583333333332 0.02014388489208633
1 0.310546875 0.6654676258992805 0.02734375 0.033093525179856115
1 0.4720052083333333 0.260431654676259 0.037760416666666664 0.027338129496402876
1 0.5182291666666666 0.22805755395683452 0.02734375 0.03741007194244604
4 0.744140625 0.7755395683453238 0.046875 0.02446043165467626
4 0.15234375 0.36906474820143886 0.018229166666666668 0.07194244604316546
4 0.3587239583333333 0.460431654676259 0.078125 0.02014388489208633
4 0.4407552083333333 0.3647482014388489 0.018229166666666668 0.0920863309352518
4 0.5716145833333334 0.25323741007194245 0.052083333333333336 0.02014388489208633
0 0.3717447916666667 0.7179856115107913 0.041666666666666664 0.07194244604316546
4 0.6328125 0.1 0.01953125 0.060431654676258995
4 0.486328125 0.03381294964028777 0.052083333333333336 0.02158273381294964
4 0.5162760416666666 0.6553956834532374 0.020833333333333332 0.058992805755395686
4 0.5162760416666666 0.4949640287769784 0.020833333333333332 0.04892086330935252
2 0.3932291666666667 0.24532374100719426 0.4973958333333333 0.4474820143884892
2 0.29296875 0.7690647482014389 0.3072916666666667 0.40431654676258993
2 0.662109375 0.5820143884892086 0.30859375 0.40575539568345326
0 0.330078125 0.21726618705035972 0.041666666666666664 0.07338129496402877