4 0.8925570228091236 0.5639717425431711 0.030012004801920768 0.13736263736263737
4 0.8934573829531812 0.17464678178963894 0.02581032412965186 0.12401883830455258
4 0.8919567827130852 0.3555729984301413 0.02460984393757503 0.12401883830455258
4 0.7451980792316927 0.8198587127158555 0.14765906362545017 0.03767660910518053
4 0.5717286914765907 0.8190737833594977 0.14765906362545017 0.03924646781789639
4 0.08823529411764706 0.6181318681318682 0.02581032412965186 0.13736263736263737
4 0.21338535414165666 0.061224489795918366 0.10504201680672269 0.03610675039246468
4 0.38985594237695076 0.06475667189952904 0.056422569027611044 0.03218210361067504
4 0.4759903961584634 0.06279434850863422 0.05222088835534214 0.030612244897959183
4 0.6152460984393757 0.06750392464678179 0.07983193277310924 0.023547880690737835
1 0.4765906362545018 0.38108320251177397 0.04441776710684274 0.06671899529042387
1 0.37034813925570226 0.38029827315541603 0.0468187274909964 0.0706436420722135
1 0.37184873949579833 0.25392464678178966 0.043817527010804325 0.065149136577708
1 0.30732292917166865 0.22331240188383045 0.057623049219687875 0.06279434850863422
1 0.30582232893157263 0.40188383045525905 0.056422569027611044 0.06436420722135008
1 0.30732292917166865 0.521585557299843 0.05342136854741897 0.06671899529042387
1 0.3739495798319328 0.8492935635792779 0.05402160864345738 0.09340659340659341
1 0.46338535414165666 0.8457613814756672 0.06062424969987995 0.09733124018838304
2 0.4891956782713085 0.4403453689167975 0.8253301320528211 0.7770800627943485
0 0.37665066026410565 0.31711145996860285 0.0894357743097239 0.07535321821036106