4 0.10757202881152461 0.5640345368916798 0.029777911164465785 0.13769230769230767
4 0.10650960384153661 0.17460753532182102 0.025528211284513807 0.1237833594976452
4 0.1081032412965186 0.3554160125588697 0.024465786314525808 0.1237833594976452
4 0.25487695078031214 0.8199450549450551 0.1478331332533013 0.037551020408163265
4 0.42823829531812724 0.8192503924646781 0.1478331332533013 0.038940345368916794
4 0.9116296518607444 0.6182810047095761 0.025528211284513807 0.13769230769230767
4 0.7866626650660263 0.06125196232339089 0.10529411764705882 0.036161695447409735
4 0.6101110444177671 0.06473312401883831 0.05636854741896759 0.03199372056514913
4 0.5239585834333733 0.06264521193092622 0.052118847539015606 0.030596546310832022
4 0.3846308523409364 0.06751177394034537 0.079765906362545 0.023642072213500787
1 0.5234273709483794 0.38114207221350077 0.04466986794717887 0.06675824175824176
1 0.6297839135654262 0.380447409733124 0.046794717887154856 0.07092621664050236
1 0.6281902761104442 0.2538854003139717 0.04360744297719088 0.06536891679748823
1 0.6925330132052822 0.2232849293563579 0.05743097238895559 0.06258241758241759
1 0.6941326530612245 0.4020054945054945 0.05636854741896759 0.0639795918367347
1 0.6925360144057624 0.5216169544740973 0.05317527010804322 0.06676609105180534
1 0.626062424969988 0.8491522762951333 0.05423769507803121 0.09318681318681318
1 0.5367226890756303 0.8456789638932496 0.06062424969987995 0.09735478806907379
2 0.5106662665066026 0.4402551020408163 0.8253301320528211 0.7774646781789639
0 0.6234033613445378 0.3171664050235479 0.08933973589435774 0.07510204081632653