1 0.07618343195266272 0.39383155397390274 0.10355029585798817 0.06287069988137604
1 0.5665680473372781 0.26868327402135234 0.07692307692307693 0.051008303677342826
1 0.45340236686390534 0.2615658362989324 0.07396449704142012 0.06287069988137604
1 0.15384615384615385 0.3107947805456702 0.07248520710059171 0.066429418742586
4 0.9615384615384616 0.232502965599051 0.042899408284023666 0.08540925266903915
4 0.10576923076923077 0.24614472123368922 0.038461538461538464 0.07947805456702253
1 0.511094674556213 0.6168446026097272 0.10059171597633136 0.06168446026097272
1 0.5724852071005917 0.35765124555160144 0.07396449704142012 0.06287069988137604
1 0.6767751479289941 0.3594306049822064 0.06804733727810651 0.06168446026097272
1 0.7603550295857988 0.43534994068801897 0.06804733727810651 0.06761565836298933
1 0.9726331360946746 0.3748517200474496 0.05473372781065089 0.05693950177935943
2 0.5355029585798816 0.49940688018979834 0.8920118343195266 0.7247924080664294
0 0.7056213017751479 0.2912218268090154 0.11834319526627218 0.0830367734282325
1 0.8047337278106509 0.31198102016607354 0.07692307692307693 0.06168446026097272
4 0.10355029585798817 0.47330960854092524 0.04142011834319527 0.10794780545670225
4 0.3025147928994083 0.5658362989323843 0.05325443786982249 0.03440094899169632
4 0.3380177514792899 0.7105575326215896 0.03106508875739645 0.08185053380782918
4 0.9615384615384616 0.4792408066429419 0.047337278106508875 0.07829181494661921