1 0.6327218934911242 0.15995848161328588 0.0780473372781065 0.08345195729537366
1 0.7888165680473372 0.553552787663108 0.0641715976331361 0.06119810201660736
1 0.7975 0.46245551601423485 0.0780473372781065 0.059810201660735474
1 0.7359245562130178 0.2225385527876631 0.08323964497041421 0.05841043890865955
4 0.8339201183431952 0.8699703440094899 0.10579881656804734 0.03476868327402135
4 0.8165754437869822 0.1836002372479241 0.09886094674556213 0.03059311981020166
1 0.35435650887573966 0.5090510083036773 0.07631656804733729 0.08066429418742586
1 0.6778254437869822 0.5584223013048636 0.0780473372781065 0.059810201660735474
1 0.6752144970414201 0.6418742586002373 0.07631656804733729 0.054234875444839854
1 0.5806878698224852 0.7086358244365362 0.08498520710059172 0.054234875444839854
1 0.6552736686390533 0.895005931198102 0.0711094674556213 0.07648873072360618
2 0.5009097633136095 0.5285231316725978 0.9036242603550296 0.7148873072360616
0 0.7601997041420118 0.6648220640569396 0.10406804733727809 0.09457888493475683
1 0.7341937869822485 0.7440984578884935 0.07631656804733729 0.06119810201660736
4 0.5329955621301775 0.18220640569395016 0.1352810650887574 0.033380782918149464
4 0.417655325443787 0.3414531435349941 0.04335798816568047 0.04311981020166074
4 0.23727810650887574 0.3699703440094899 0.10233727810650889 0.025041518386714114
4 0.5260650887573964 0.8699703440094899 0.0971301775147929 0.037544483985765126