1 0.694672131147541 0.7373380447585395 0.06864754098360656 0.0706713780918728
1 0.5379098360655737 0.6142520612485277 0.0625 0.0636042402826855
1 0.5368852459016393 0.7461719670200235 0.0625 0.0636042402826855
1 0.48309426229508196 0.8539458186101295 0.04918032786885246 0.0706713780918728
4 0.1526639344262295 0.3745583038869258 0.042008196721311473 0.16372202591283863
4 0.1526639344262295 0.12661955241460543 0.03278688524590164 0.18256772673733804
4 0.7925204918032787 0.0706713780918728 0.039959016393442626 0.1413427561837456
4 0.7950819672131147 0.3386336866902238 0.042008196721311473 0.19434628975265017
4 0.7935450819672131 0.9075382803297998 0.04405737704918033 0.17196702002355713
2 0.46875 0.24381625441696114 0.6629098360655737 0.4876325088339223
2 0.5896516393442623 0.7555948174322733 0.42110655737704916 0.48881036513545345
0 0.5112704918032787 0.08186101295641932 0.06557377049180328 0.10954063604240283
0 0.45030737704918034 0.5971731448763251 0.11270491803278689 0.11071849234393404
1 0.1260245901639344 0.26442873969375735 0.06147540983606557 0.07656065959952886
1 0.17776639344262296 0.2667844522968198 0.07991803278688525 0.0706713780918728
1 0.42008196721311475 0.33451118963486454 0.04918032786885246 0.07773851590106007
1 0.45030737704918034 0.26501766784452296 0.06864754098360656 0.07773851590106007
1 0.4492827868852459 0.18197879858657243 0.06864754098360656 0.0706713780918728
1 0.5650614754098361 0.05830388692579505 0.06147540983606557 0.0706713780918728
1 0.8155737704918032 0.21319199057714958 0.07377049180327869 0.07773851590106007
1 0.7602459016393442 0.2149587750294464 0.08094262295081968 0.06949352179034157
1 0.8119877049180327 0.734982332155477 0.07889344262295082 0.08362779740871613
1 0.6065573770491803 0.8168433451118964 0.06864754098360656 0.07538280329799764