4 0.24232633279483037 0.9936247723132969 0.13570274636510501 0.012750455373406194
1 0.7762520193861067 0.6575591985428051 0.0630048465266559 0.07832422586520947
1 0.7649434571890146 0.8752276867030966 0.07108239095315025 0.06375227686703097
1 0.8166397415185783 0.6183970856102003 0.08723747980613894 0.08378870673952642
1 0.8844911147011308 0.6183970856102003 0.08562197092084006 0.08014571948998178
4 0.21647819063004847 0.151183970856102 0.1421647819063005 0.03278688524590164
4 0.49676898222940225 0.0546448087431694 0.14054927302100162 0.030965391621129327
4 0.77140549273021 0.9936247723132969 0.06623586429725363 0.012750455373406194
1 0.5040387722132472 0.5837887067395264 0.06623586429725363 0.07832422586520947
1 0.6817447495961227 0.6575591985428051 0.061389337641357025 0.08378870673952642
0 0.7956381260096931 0.8397085610200364 0.10339256865912763 0.30601092896174864
0 0.691437802907916 0.7486338797814208 0.0888529886914378 0.12386156648451731
2 0.4862681744749596 0.5182149362477231 0.7592891760904685 0.9635701275045537
1 0.555735056542811 0.7158469945355191 0.06623586429725363 0.07468123861566485
1 0.32390953150242324 0.714936247723133 0.0630048465266559 0.08014571948998178
1 0.3069466882067851 0.6193078324225865 0.07108239095315025 0.07285974499089254
1 0.3255250403877221 0.1111111111111111 0.07592891760904685 0.10382513661202186
4 0.68578352180937 0.9927140255009107 0.07269789983844911 0.014571948998178506
4 0.4765751211631664 0.9927140255009107 0.12924071082390953 0.014571948998178506