4 0.7560581583198708 0.9936247723132969 0.13570274636510501 0.012750455373406194
1 0.22374798061389337 0.6575591985428051 0.0630048465266559 0.07832422586520947
1 0.23505654281098545 0.8752276867030966 0.07108239095315025 0.06375227686703097
1 0.18336025848142165 0.6183970856102003 0.08723747980613894 0.08378870673952642
1 0.11550888529886914 0.6183970856102003 0.08562197092084006 0.08014571948998178
4 0.7835218093699515 0.151183970856102 0.1421647819063005 0.03278688524590164
4 0.5032310177705978 0.0546448087431694 0.14054927302100162 0.030965391621129327
4 0.22697899838449112 0.9936247723132969 0.06623586429725363 0.012750455373406194
1 0.49596122778675283 0.5837887067395264 0.06623586429725363 0.07832422586520947
1 0.3182552504038772 0.6575591985428051 0.061389337641357025 0.08378870673952642
0 0.20436187399030695 0.8397085610200364 0.10339256865912763 0.30601092896174864
0 0.308562197092084 0.7486338797814208 0.0888529886914378 0.12386156648451731
2 0.5121163166397416 0.5182149362477231 0.7592891760904685 0.9635701275045537
1 0.44426494345718903 0.7158469945355191 0.06623586429725363 0.07468123861566485
1 0.6760904684975767 0.714936247723133 0.0630048465266559 0.08014571948998178
1 0.6930533117932148 0.6193078324225865 0.07108239095315025 0.07285974499089254
1 0.6744749596122779 0.1111111111111111 0.07592891760904685 0.10382513661202186
4 0.31260096930533116 0.9927140255009107 0.07269789983844911 0.014571948998178506
4 0.5234248788368336 0.9927140255009107 0.12924071082390953 0.014571948998178506