4 0.9441276252019386 0.20998178506375229 0.024668820678513732 0.15300546448087432
1 0.6394345718901454 0.811511839708561 0.06907915993537964 0.07092896174863388
1 0.8331017770597737 0.7989981785063752 0.05673667205169628 0.07927140255009107
1 0.604903069466882 0.8574043715846995 0.0740064620355412 0.09874316939890711
1 0.6049030694668821 0.9339071038251366 0.07155088852988692 0.09597449908925318
4 0.1904281098546042 0.18008196721311476 0.029612277867528267 0.15994535519125683
4 0.10531502423263328 0.4964936247723133 0.027140549273021 0.15856102003642986
4 0.9459693053311793 0.8066393442622951 0.025896607431340875 0.07510018214936247
1 0.5740549273021002 0.5048360655737706 0.06907915993537964 0.07510018214936247
1 0.639442649434572 0.7051183970856101 0.0740064620355412 0.06954462659380692
0 0.8010339256865914 0.8330692167577414 0.27137318255250403 0.11681238615664845
0 0.7202342487883684 0.7162386156648453 0.10977382875605816 0.10012750455373406
2 0.523481421647819 0.4853642987249545 0.8684168012924071 0.8567395264116576
1 0.6912520193861066 0.5632513661202186 0.06660743134087237 0.07510018214936247
1 0.6906300484652665 0.30107468123861564 0.07030694668820679 0.07092896174863388
1 0.6061308562197092 0.282304189435337 0.0641518578352181 0.08067395264116575
1 0.15527463651050083 0.3031693989071038 0.09252019386106625 0.08622950819672132
4 0.9428836833602584 0.7099726775956283 0.024668820678513732 0.08205828779599271
4 0.944119547657512 0.4735428051001821 0.027140549273021 0.14602914389799637