1 0.6504158878504672 0.23160953800298062 0.06367289719626168 0.1210134128166915
4 0.22304205607476635 0.04663189269746647 0.3497476635514019 0.029210134128166917
4 0.7563831775700934 0.0494113263785395 0.34538317757009346 0.031997019374068555
4 0.49647196261682247 0.04801788375558867 0.14827102803738318 0.029210134128166917
1 0.4201542056074767 0.27820417287630406 0.0758785046728972 0.10570789865871834
1 0.47423364485981306 0.8317511177347243 0.06715887850467289 0.1223994038748137
1 0.6137803738317757 0.6961475409836065 0.07414018691588785 0.11265275707898659
1 0.49647196261682247 0.6662369597615498 0.055822429906542056 0.10013412816691505
1 0.36826168224299066 0.6926602086438152 0.0802429906542056 0.10013412816691505
4 0.7999953271028039 0.18849478390462 0.2337476635514019 0.03198211624441133
2 0.49385514018691584 0.41867362146050674 0.9454485981308411 0.7593740685543965