1 0.6682242990654206 0.7399403874813711 0.07570093457943926 0.10134128166915052
4 0.7841121495327102 0.16840536512667661 0.018691588785046728 0.33681073025335323
4 0.7827102803738317 0.8166915052160953 0.019626168224299065 0.36661698956780925
4 0.7836448598130841 0.4940387481371088 0.018691588785046728 0.23695976154992549
1 0.6392523364485981 0.37257824143070045 0.06635514018691589 0.12071535022354694
1 0.29205607476635514 0.45901639344262296 0.07663551401869159 0.10730253353204174
1 0.3771028037383178 0.6810730253353204 0.07102803738317758 0.11773472429210134
1 0.3957943925233645 0.4940387481371088 0.06261682242990654 0.08941877794336811
1 0.3789719626168224 0.28986587183308493 0.06261682242990654 0.12816691505216096
4 0.6948598130841122 0.8956780923994039 0.019626168224299065 0.20864381520119224
2 0.5504672897196262 0.5 0.4766355140186916 1