1 0.3317757009345794 0.7399403874813711 0.07570093457943926 0.10134128166915052
4 0.21588785046728973 0.16840536512667661 0.018691588785046728 0.33681073025335323
4 0.21728971962616822 0.8166915052160953 0.019626168224299065 0.36661698956780925
4 0.2163551401869159 0.4940387481371088 0.018691588785046728 0.23695976154992549
1 0.36074766355140186 0.37257824143070045 0.06635514018691589 0.12071535022354694
1 0.7079439252336449 0.45901639344262296 0.07663551401869159 0.10730253353204174
1 0.6228971962616823 0.6810730253353204 0.07102803738317758 0.11773472429210134
1 0.6042056074766355 0.4940387481371088 0.06261682242990654 0.08941877794336811
1 0.6210280373831776 0.28986587183308493 0.06261682242990654 0.12816691505216096
4 0.3042056074766355 0.8956780923994039 0.019626168224299065 0.20864381520119224
2 0.4485981308411215 0.5 0.4766355140186916 1