1 0.9057692307692308 0.5679347826086957 0.075 0.06702898550724638
1 0.7615384615384615 0.5797101449275363 0.07307692307692308 0.06521739130434782
1 0.6576923076923077 0.7019927536231884 0.06538461538461539 0.06884057971014493
1 0.5798076923076924 0.6431159420289855 0.06923076923076923 0.06340579710144928
1 0.6375 0.8478260869565217 0.05384615384615385 0.04710144927536232
1 0.38269230769230766 0.7735507246376812 0.05961538461538462 0.05253623188405797
1 0.24711538461538463 0.7047101449275363 0.06538461538461539 0.057971014492753624
1 0.02980769230769231 0.7789855072463768 0.05961538461538462 0.06884057971014493
1 0.27884615384615385 0.09963768115942029 0.0673076923076923 0.07427536231884058
0 0.175 0.7853260869565217 0.22692307692307692 0.18297101449275363
2 0.4653846153846154 0.5072463768115942 0.8442307692307692 0.7789855072463768
0 0.5644230769230769 0.7418478260869565 0.10384615384615385 0.1286231884057971
4 0.05384615384615385 0.31521739130434784 0.026923076923076925 0.24094202898550723
1 0.40192307692307694 0.3903985507246377 0.07115384615384615 0.07427536231884058
1 0.6 0.39311594202898553 0.06538461538461539 0.07246376811594203
4 0.05384615384615385 0.6014492753623188 0.025 0.11956521739130435
4 0.8740384615384615 0.7835144927536232 0.023076923076923078 0.11956521739130435
4 0.8740384615384615 0.4528985507246377 0.023076923076923078 0.10507246376811594
4 0.7211538461538461 0.13134057971014493 0.11730769230769231 0.021739130434782608
4 0.4480769230769231 0.13134057971014493 0.12307692307692308 0.025362318840579712
1 0.6644230769230769 0.5009057971014492 0.07692307692307693 0.06159420289855073