1 0.42788461538461536 0.8822463768115942 0.07115384615384615 0.07065217391304347
1 0.4153846153846154 0.7463768115942029 0.06923076923076923 0.06884057971014493
1 0.28557692307692306 0.6485507246376812 0.07307692307692308 0.06159420289855073
1 0.34807692307692306 0.5751811594202898 0.0673076923076923 0.06521739130434782
1 0.13076923076923078 0.6295289855072463 0.05 0.050724637681159424
1 0.20961538461538462 0.3894927536231884 0.05576923076923077 0.05615942028985507
1 0.2826923076923077 0.2617753623188406 0.06153846153846154 0.06159420289855073
1 0.20288461538461539 0.05344202898550725 0.07307692307692308 0.06521739130434782
1 0.925 0.2916666666666667 0.07884615384615384 0.06340579710144928
0 0.1971153846153846 0.19384057971014493 0.19423076923076923 0.213768115942029
2 0.49230769230769234 0.4673913043478261 0.8269230769230769 0.7952898550724637
0 0.24326923076923077 0.5606884057971014 0.13653846153846153 0.09782608695652174
4 0.6961538461538461 0.07971014492753623 0.25576923076923075 0.025362318840579712
1 0.6163461538461539 0.4076086956521739 0.07884615384615384 0.06702898550724638
1 0.6134615384615385 0.5942028985507246 0.07692307692307693 0.06159420289855073
4 0.3923076923076923 0.07971014492753623 0.12692307692307692 0.02355072463768116
4 0.19903846153846153 0.8523550724637681 0.12692307692307692 0.021739130434782608
4 0.55 0.8523550724637681 0.11153846153846154 0.021739130434782608
4 0.8913461538461539 0.7083333333333334 0.023076923076923078 0.1105072463768116
4 0.8913461538461539 0.45108695652173914 0.026923076923076925 0.11594202898550725
1 0.49903846153846154 0.654891304347826 0.06538461538461539 0.07246376811594203