1 0.572298076923077 0.8825181159420289 0.07086538461538462 0.07094202898550724
1 0.5848461538461539 0.7462137681159421 0.06938461538461538 0.06815217391304347
1 0.7140288461538462 0.6481702898550724 0.07382692307692308 0.06119565217391305
1 0.652028846153846 0.5751449275362319 0.06790384615384616 0.0653623188405797
1 0.8690576923076924 0.6293840579710145 0.050192307692307696 0.05144927536231884
1 0.7908076923076922 0.3894655797101449 0.056115384615384616 0.05563405797101449
1 0.7169903846153846 0.2615217391304348 0.06201923076923077 0.06119565217391305
1 0.7974519230769231 0.05358695652173913 0.07232692307692308 0.0653623188405797
1 0.07475000000000001 0.2914221014492754 0.07973076923076923 0.06259057971014492
0 0.8033557692307692 0.19398550724637684 0.19340384615384615 0.21293478260869567
2 0.5073365384615385 0.4673550724637682 0.8267884615384615 0.7955434782608696
0 0.7568557692307692 0.5605434782608696 0.13582692307692307 0.09735507246376812
4 0.30432692307692305 0.07931159420289856 0.2554230769230769 0.02503623188405797
1 0.38404807692307696 0.4075452898550725 0.07825 0.0667572463768116
1 0.3862692307692308 0.5939130434782608 0.07676923076923077 0.06119565217391305
4 0.6077307692307692 0.08000905797101449 0.12696153846153846 0.02364130434782609
4 0.8011442307692307 0.8526086956521739 0.12698076923076923 0.022246376811594203
4 0.4497596153846154 0.8526086956521739 0.11221153846153846 0.022246376811594203
4 0.10871153846153847 0.7086684782608695 0.023615384615384614 0.1098731884057971
4 0.10871153846153847 0.45135869565217385 0.026576923076923078 0.11543478260869565
1 0.501423076923077 0.6551177536231884 0.06496153846153846 0.07233695652173913