1 0.2752442996742671 0.637396694214876 0.04560260586319218 0.05578512396694215
1 0.6294788273615635 0.1446280991735537 0.04560260586319218 0.0640495867768595
1 0.747557003257329 0.42355371900826444 0.04071661237785016 0.05371900826446281
1 0.7956026058631922 0.503099173553719 0.05211726384364821 0.05371900826446281
4 0.499185667752443 0.16942148760330578 0.1498371335504886 0.04132231404958678
4 0.249185667752443 0.16735537190082644 0.09283387622149837 0.0371900826446281
4 0.7980456026058632 0.1683884297520661 0.09283387622149837 0.04132231404958678
4 0.9267100977198697 0.515495867768595 0.026058631921824105 0.045454545454545456
4 0.8403908794788274 0.768595041322314 0.09283387622149837 0.026859504132231406
4 0.5154723127035831 0.7706611570247934 0.07654723127035831 0.03305785123966942
4 0.30211726384364823 0.7706611570247934 0.04723127035830619 0.030991735537190084
1 0.7353420195439739 0.5774793388429752 0.03908794788273615 0.06198347107438017
1 0.6669381107491856 0.7964876033057852 0.048859934853420196 0.06198347107438017
0 0.31677524429967424 0.6869834710743802 0.1237785016286645 0.15495867768595042
0 0.8697068403908795 0.4989669421487603 0.11237785016286644 0.10330578512396695
2 0.5415309446254072 0.4690082644628099 0.7996742671009772 0.6322314049586777
3 0.10260586319218241 0.2737603305785124 0.09283387622149837 0.11776859504132231
3 0.5342019543973942 0.11363636363636363 0.09609120521172639 0.09917355371900827
3 0.8330618892508144 0.8243801652892562 0.08794788273615635 0.09090909090909091
4 0.20684039087947884 0.7696280991735537 0.05211726384364821 0.030991735537190084
1 0.13192182410423453 0.4462809917355372 0.06188925081433225 0.05578512396694215
1 0.13517915309446255 0.5609504132231405 0.05863192182410423 0.06198347107438017
1 0.36726384364820847 0.33884297520661155 0.05211726384364821 0.05785123966942149
1 0.31107491856677527 0.40702479338842973 0.04560260586319218 0.05991735537190083
1 0.36319218241042345 0.5537190082644629 0.04560260586319218 0.05371900826446281
1 0.30700325732899025 0.5795454545454546 0.043973941368078175 0.05371900826446281