1 0.7247557003257329 0.637396694214876 0.04560260586319218 0.05578512396694215
1 0.3705211726384365 0.1446280991735537 0.04560260586319218 0.0640495867768595
1 0.252442996742671 0.42355371900826444 0.04071661237785016 0.05371900826446281
1 0.20439739413680783 0.503099173553719 0.05211726384364821 0.05371900826446281
4 0.500814332247557 0.16942148760330578 0.1498371335504886 0.04132231404958678
4 0.750814332247557 0.16735537190082644 0.09283387622149837 0.0371900826446281
4 0.20195439739413681 0.1683884297520661 0.09283387622149837 0.04132231404958678
4 0.0732899022801303 0.515495867768595 0.026058631921824105 0.045454545454545456
4 0.15960912052117263 0.768595041322314 0.09283387622149837 0.026859504132231406
4 0.48452768729641693 0.7706611570247934 0.07654723127035831 0.03305785123966942
4 0.6978827361563518 0.7706611570247934 0.04723127035830619 0.030991735537190084
1 0.26465798045602607 0.5774793388429752 0.03908794788273615 0.06198347107438017
1 0.3330618892508143 0.7964876033057852 0.048859934853420196 0.06198347107438017
0 0.6832247557003257 0.6869834710743802 0.1237785016286645 0.15495867768595042
0 0.13029315960912052 0.4989669421487603 0.11237785016286644 0.10330578512396695
2 0.4584690553745928 0.4690082644628099 0.7996742671009772 0.6322314049586777
3 0.8973941368078175 0.2737603305785124 0.09283387622149837 0.11776859504132231
3 0.46579804560260585 0.11363636363636363 0.09609120521172639 0.09917355371900827
3 0.16693811074918566 0.8243801652892562 0.08794788273615635 0.09090909090909091
4 0.7931596091205212 0.7696280991735537 0.05211726384364821 0.030991735537190084
1 0.8680781758957655 0.4462809917355372 0.06188925081433225 0.05578512396694215
1 0.8648208469055375 0.5609504132231405 0.05863192182410423 0.06198347107438017
1 0.6327361563517915 0.33884297520661155 0.05211726384364821 0.05785123966942149
1 0.6889250814332247 0.40702479338842973 0.04560260586319218 0.05991735537190083
1 0.6368078175895765 0.5537190082644629 0.04560260586319218 0.05371900826446281
1 0.6929967426710097 0.5795454545454546 0.043973941368078175 0.05371900826446281