1 0.2752687296416938 0.6369628099173553 0.04604234527687296 0.055619834710743804
1 0.6293892508143323 0.14460743801652892 0.04604234527687296 0.06396694214876034
1 0.7472394136807817 0.4234710743801653 0.0405700325732899 0.05425619834710744
1 0.7954885993485342 0.5034504132231404 0.051530944625407166 0.052851239669421485
4 0.49947068403908795 0.16964876033057852 0.15021172638436484 0.04173553719008264
4 0.24949511400651467 0.1675619834710744 0.09319218241042346 0.03756198347107438
4 0.797671009771987 0.16825413223140495 0.09319218241042346 0.04171487603305785
4 0.9264983713355049 0.5159607438016529 0.026319218241042344 0.044524793388429754
4 0.8404315960912052 0.7683987603305784 0.09317589576547232 0.026425619834710742
4 0.5153664495114006 0.7704752066115702 0.07675895765472313 0.033388429752066115
4 0.3021254071661238 0.7711776859504132 0.04714983713355049 0.03198347107438017
1 0.7357328990228014 0.5778512396694214 0.039478827361563516 0.06260330578512396
1 0.6672068403908794 0.7962086776859504 0.04933224755700326 0.06258264462809918
0 0.3163762214983713 0.6870351239669421 0.12389250814332246 0.15576446280991735
0 0.8694869706840391 0.49926652892561985 0.11184039087947883 0.10291322314049588
2 0.5411319218241042 0.46866735537190085 0.7992345276872964 0.6314256198347108
3 0.10258957654723128 0.2739566115702479 0.09319218241042346 0.11683884297520661
3 0.5345521172638437 0.11401859504132232 0.09539087947882736 0.10014462809917356
3 0.8333061889250815 0.8247210743801652 0.08771986970684038 0.09179752066115703
4 0.20674267100977198 0.7697830578512397 0.051530944625407166 0.03200413223140496
1 0.13164495114006514 0.44641528925619833 0.06140065146579805 0.05564049586776859
1 0.13492671009771987 0.5611673553719008 0.05920195439739414 0.06258264462809918
1 0.36735342019543976 0.3386363636363636 0.05262214983713356 0.05702479338842976
1 0.3114413680781759 0.4067768595041322 0.04604234527687296 0.05979338842975207
1 0.36351791530944627 0.5542045454545454 0.04495114006514658 0.054235537190082644
1 0.3070602605863192 0.5792458677685951 0.04385993485342019 0.054235537190082644