1 0.14333333333333334 0.49166925465838507 0.05509559434746467 0.09597826086956522
4 0.9742435577722359 0.7107220496894411 0.0327597672485453 0.23088509316770187
1 0.6019700748129676 0.9269953416149068 0.05211970074812968 0.11265527950310558
4 0.115785536159601 0.2795729813664596 0.029775561097256858 0.3310093167701863
1 0.6660016625103907 0.44854813664596277 0.05211970074812968 0.09318322981366459
1 0.5807564422277639 0.4075232919254658 0.048395677472984205 0.09734472049689441
1 0.4992227763923525 0.49166925465838507 0.05360764754779717 0.09874223602484472
1 0.10089359933499584 0.49166925465838507 0.05063175394846218 0.09318322981366459
2 0.5446425602660016 0.4701086956521739 0.8755860349127181 0.8650931677018634
0 0.5859642560266002 0.2169798136645963 0.11540315876974232 0.2893012422360248
4 0.9731296758104738 0.28304347826086956 0.03053200332502078 0.24062111801242236
1 0.6243100581878637 0.6592624223602485 0.05658354114713216 0.0945807453416149