4 0.5095588235294117 0.776908023483366 0.13823529411764707 0.022504892367906065
4 0.2514705882352941 0.776908023483366 0.13970588235294118 0.025440313111545987
1 0.33088235294117646 0.5562622309197651 0.08088235294117647 0.05675146771037182
1 0.17794117647058824 0.5151663405088063 0.07794117647058824 0.05283757338551859
2 0.4970588235294118 0.4916829745596869 0.8235294117647058 0.5870841487279843
4 0.30661764705882355 0.20596868884540118 0.2088235294117647 0.01761252446183953
1 0.5838235294117647 0.4535225048923679 0.08970588235294118 0.05968688845401174
1 0.43970588235294117 0.46966731898238745 0.08970588235294118 0.06947162426614481
1 0.5227941176470589 0.5376712328767124 0.07794117647058824 0.046966731898238745
4 0.8029411764705883 0.7803326810176126 0.08970588235294118 0.01761252446183953
4 0.7058823529411765 0.7773972602739726 0.0838235294117647 0.02054794520547945