4 0.4904411764705882 0.22309197651663404 0.13823529411764707 0.022504892367906065
4 0.7485294117647059 0.22309197651663404 0.13970588235294118 0.025440313111545987
1 0.6691176470588235 0.4437377690802348 0.08088235294117647 0.05675146771037182
1 0.8220588235294117 0.4848336594911937 0.07794117647058824 0.05283757338551859
2 0.5029411764705882 0.5083170254403131 0.8235294117647058 0.5870841487279843
4 0.6933823529411764 0.7940313111545988 0.2088235294117647 0.01761252446183953
1 0.4161764705882353 0.5464774951076321 0.08970588235294118 0.05968688845401174
1 0.5602941176470588 0.5303326810176126 0.08970588235294118 0.06947162426614481
1 0.4772058823529412 0.4623287671232877 0.07794117647058824 0.046966731898238745
4 0.19705882352941176 0.21966731898238748 0.08970588235294118 0.01761252446183953
4 0.29411764705882354 0.2226027397260274 0.0838235294117647 0.02054794520547945