4 0.9160735294117647 0.5063258317025441 0.03344117647058823 0.09179060665362035
4 0.9160735294117647 0.334554794520548 0.037617647058823526 0.09318003913894325
1 0.584764705882353 0.3874070450097847 0.08570588235294117 0.05424657534246575
1 0.5230955882352941 0.28587573385518594 0.07942647058823529 0.05145792563600783
2 0.4875588235294118 0.4979745596868884 0.8821176470588236 0.5479843444227005
4 0.057999999999999996 0.3714138943248532 0.027176470588235295 0.13909001956947162
1 0.4300735294117647 0.5556947162426614 0.08988235294117647 0.05980430528375734
1 0.454110294117647 0.45973091976516633 0.10451470588235293 0.05981409001956947
1 0.5565367647058823 0.515366927592955 0.0710735294117647 0.05145792563600783
4 0.9213014705882353 0.7017318982387475 0.02716176470588235 0.05980430528375734
4 0.9171176470588235 0.6370596868884539 0.03135294117647059 0.05562622309197652