4 0.9311064718162839 0.6563467492260062 0.020876826722338204 0.16408668730650156
4 0.17014613778705637 0.6408668730650154 0.022964509394572025 0.17647058823529413
4 0.1732776617954071 0.28173374613003094 0.018789144050104383 0.2724458204334365
1 0.6597077244258872 0.4551083591331269 0.05010438413361169 0.06501547987616099
1 0.5709812108559499 0.4179566563467492 0.037578288100208766 0.06191950464396285
1 0.1524008350730689 0.4458204334365325 0.05636743215031315 0.06811145510835913
1 0.4196242171189979 0.6207430340557275 0.054279749478079335 0.06811145510835913
1 0.6263048016701461 0.5990712074303406 0.04175365344467641 0.05263157894736842
1 0.5647181628392485 0.7260061919504643 0.04175365344467641 0.05263157894736842
1 0.5970772442588727 0.7538699690402477 0.04592901878914405 0.08359133126934984
2 0.5511482254697286 0.46439628482972134 0.7849686847599165 0.6656346749226006
0 0.5062630480167014 0.7352941176470589 0.0918580375782881 0.07739938080495357
0 0.5845511482254697 0.3111455108359133 0.10647181628392484 0.17956656346749225
1 0.5949895615866388 0.8142414860681114 0.04175365344467641 0.08668730650154799
1 0.6565762004175365 0.6795665634674922 0.05219206680584551 0.06811145510835913
4 0.9331941544885177 0.33746130030959753 0.027139874739039668 0.23529411764705882