4 0.06858037578288101 0.6558204334365325 0.02062630480167015 0.16272445820433437
4 0.830125260960334 0.6412074303405573 0.022505219206680582 0.17523219814241486
4 0.8263778705636743 0.28236842105263155 0.018768267223382047 0.2726006191950464
1 0.34056367432150314 0.4548452012383902 0.05064718162839249 0.06399380804953561
1 0.42919624217119 0.4179876160990712 0.038434237995824634 0.06260061919504643
1 0.8479436325678498 0.44510835913312696 0.05626304801670146 0.06674922600619194
1 0.5801878914405011 0.6203405572755417 0.055323590814196244 0.06953560371517029
1 0.3733924843423799 0.5994891640866873 0.04127348643006263 0.05284829721362229
1 0.43482254697286005 0.7253560371517027 0.04221294363256785 0.05145510835913313
1 0.40340292275574113 0.7538699690402477 0.04688935281837161 0.08346749226006192
2 0.4484133611691023 0.4645820433436533 0.7840501043841336 0.6648297213622292
0 0.4939039665970772 0.7357894736842105 0.09098121085594989 0.07789473684210527
0 0.41559498956158664 0.31157894736842107 0.10693110647181628 0.1780185758513932
1 0.40481210855949895 0.8136687306501548 0.042192066805845516 0.08622291021671827
1 0.34291231732776617 0.6801547987616099 0.0515866388308977 0.06674922600619194
4 0.06671189979123174 0.3380030959752322 0.026242171189979124 0.23643962848297215