4 0.40396659707724425 0.01393188854489164 0.11899791231732777 0.02786377708978328
4 0.6471816283924844 0.015479876160990712 0.1837160751565762 0.02786377708978328
1 0.5302713987473904 0.7368421052631579 0.04384133611691023 0.07430340557275542
1 0.5553235908141962 0.6052631578947368 0.04175365344467641 0.05572755417956656
1 0.5365344467640919 0.01238390092879257 0.04592901878914405 0.02476780185758514
1 0.418580375782881 0.38080495356037153 0.04592901878914405 0.0804953560371517
1 0.4331941544885177 0.6873065015479877 0.03549060542797495 0.06191950464396285
1 0.3475991649269311 0.5959752321981424 0.03549060542797495 0.06191950464396285
1 0.3288100208768267 0.6439628482972136 0.05636743215031315 0.06811145510835913
2 0.5229645093945721 0.5 0.4488517745302714 1
0 0.34133611691022964 0.5092879256965944 0.05219206680584551 0.13622291021671826
0 0.627348643006263 0.6253869969040248 0.12108559498956159 0.15789473684210525
1 0.2881002087682672 0.6408668730650154 0.05845511482254697 0.06191950464396285
1 0.37891440501043844 0.7321981424148607 0.04592901878914405 0.07739938080495357