1 0.8352402745995423 0.9125452352231604 0.09153318077803203 0.08443908323281062
2 0.5829519450800915 0.5042219541616405 0.602974828375286 0.991556091676719
0 0.790045766590389 0.6815440289505428 0.15217391304347827 0.2545235223160434
1 0.5606407322654462 0.8468033775633294 0.08352402745995423 0.07961399276236429
1 0.9113272311212814 0.9101326899879373 0.09610983981693363 0.0856453558504222
1 0.6762013729977117 0.6996381182147166 0.07437070938215103 0.07961399276236429
1 0.7511441647597255 0.5868516284680337 0.07894736842105263 0.09288299155609167
1 0.6613272311212814 0.33715319662243665 0.08123569794050343 0.0856453558504222
1 0.2717391304347826 0.2080820265379976 0.10411899313501144 0.0856453558504222
4 0.30549199084668194 0.8051869722557298 0.05034324942791762 0.13510253317249699
4 0.30663615560640733 0.5548854041013269 0.05491990846681922 0.15440289505428226
4 0.30663615560640733 0.3781664656212304 0.05263157894736842 0.14837153196622438
4 0.37242562929061784 0.07720144752714113 0.06864988558352403 0.05790108564535585
4 0.7225400457665904 0.03558504221954162 0.12929061784897025 0.05307599517490953