1 0.8352402745995423 0.08745476477683957 0.09153318077803203 0.08443908323281062
2 0.5829519450800915 0.4951749095295537 0.602974828375286 0.9903498190591074
0 0.790045766590389 0.31845597104945716 0.15217391304347827 0.2545235223160434
1 0.5606407322654462 0.15319662243667068 0.08352402745995423 0.07961399276236429
1 0.9113272311212814 0.08986731001206273 0.09610983981693363 0.0856453558504222
1 0.6762013729977117 0.30036188178528345 0.07437070938215103 0.07961399276236429
1 0.7511441647597255 0.4131483715319662 0.07894736842105263 0.09288299155609167
1 0.6613272311212814 0.6628468033775633 0.08123569794050343 0.0856453558504222
1 0.2717391304347826 0.7919179734620024 0.10411899313501144 0.0856453558504222
4 0.30549199084668194 0.1948130277442702 0.05034324942791762 0.13510253317249699
4 0.30663615560640733 0.4451145958986731 0.05491990846681922 0.15440289505428226
4 0.30663615560640733 0.6218335343787696 0.05263157894736842 0.14837153196622438
4 0.37242562929061784 0.9227985524728589 0.06864988558352403 0.05790108564535585
4 0.7225400457665904 0.9644149577804584 0.12929061784897025 0.05307599517490953