1 0.3377926421404682 0.6541425818882466 0.0903010033444816 0.05394990366088632
1 0.4531772575250836 0.5741811175337187 0.08695652173913043 0.05973025048169557
4 0.9866220735785953 0.6483622350674374 0.026755852842809364 0.04816955684007707
4 0.9899665551839465 0.5953757225433526 0.020066889632107024 0.07321772639691715
4 0.9849498327759197 0.371868978805395 0.030100334448160536 0.07321772639691715
4 0.9832775919732442 0.3198458574181118 0.033444816053511704 0.04238921001926782
4 0.10535117056856187 0.3969171483622351 0.04013377926421405 0.07514450867052024
4 0.1020066889632107 0.33911368015414256 0.03678929765886288 0.055876685934489405
4 0.10535117056856187 0.6223506743737958 0.033444816053511704 0.04816955684007707
1 0.06354515050167224 0.5211946050096339 0.12709030100334448 0.06165703275529865
0 0.4331103678929766 0.6560693641618497 0.26421404682274247 0.11946050096339114
2 0.5451505016722408 0.48747591522157996 0.9096989966555183 0.47398843930635837
1 0.9882943143812709 0.4344894026974952 0.023411371237458192 0.06358381502890173
1 0.2625418060200669 0.51252408477842 0.12040133779264214 0.06165703275529865