1 0.23314381270903012 0.5931502890173411 0.09418060200668896 0.05146435452793834
1 0.37075250836120405 0.5270809248554913 0.10377926421404683 0.050077071290944124
4 0.24280936454849497 0.21484585741811177 0.08448160535117058 0.023641618497109825
4 0.3345484949832776 0.21484585741811174 0.12795986622073577 0.01809248554913295
4 0.7220066889632107 0.21484585741811177 0.12555183946488294 0.026416184971098267
4 0.8113377926421405 0.21832369942196533 0.07244147157190635 0.022235067437379574
4 0.678561872909699 0.7273699421965318 0.13036789297658863 0.02225433526011561
4 0.7799498327759198 0.7294508670520232 0.0965551839464883 0.020867052023121387
4 0.2874581939799331 0.7273603082851637 0.08207357859531772 0.019460500963391136
1 0.4624916387959866 0.7516955684007707 0.10866220735785954 0.07371868978805395
2 0.46540133779264214 0.901368015414258 0.2661872909698997 0.16366088631984585
0 0.22831103678929765 0.5386127167630058 0.20799331103678928 0.15206165703275532
2 0.5224581939799331 0.4722543352601157 0.8231772575250836 0.5270520231213873
1 0.6133779264214047 0.1912042389210019 0.11103678929765887 0.06815028901734103
1 0.47819397993311036 0.6369653179190752 0.10622073578595319 0.06953757225433527
1 0.4757692307692308 0.8080346820809249 0.10137123745819397 0.06396917148362236