1 0.6622073578595318 0.34585741811175336 0.0903010033444816 0.05394990366088632
1 0.5468227424749164 0.4258188824662813 0.08695652173913043 0.05973025048169557
4 0.011705685618729096 0.3516377649325626 0.023411371237458192 0.04816955684007707
4 0.010033444816053512 0.4046242774566474 0.020066889632107024 0.07321772639691715
4 0.013377926421404682 0.628131021194605 0.026755852842809364 0.07321772639691715
4 0.015050167224080268 0.6782273603082851 0.030100334448160536 0.04238921001926782
4 0.8946488294314381 0.603082851637765 0.04013377926421405 0.07514450867052024
4 0.8979933110367893 0.6608863198458574 0.03678929765886288 0.055876685934489405
4 0.8946488294314381 0.37764932562620424 0.033444816053511704 0.04816955684007707
1 0.9364548494983278 0.47880539499036606 0.12709030100334448 0.06165703275529865
0 0.5668896321070234 0.3439306358381503 0.26421404682274247 0.11946050096339114
2 0.45484949832775917 0.51252408477842 0.9096989966555183 0.47398843930635837
1 0.7374581939799331 0.48747591522157996 0.12040133779264214 0.06165703275529865