1 0.3822791519434629 0.6870845070422535 0.07153121319199057 0.058413145539906106
1 0.8585747938751471 0.6001549295774647 0.06106007067137809 0.05424413145539907
1 0.7469140164899882 0.5459107981220657 0.06454652532391048 0.05424413145539907
1 0.8036160188457008 0.49097652582159623 0.06628975265017668 0.04728638497652582
1 0.7695936395759717 0.39084037558685447 0.0645583038869258 0.05563380281690141
1 0.6989340400471142 0.3894507042253521 0.06978798586572438 0.05563380281690141
1 0.37180800942285036 0.21002816901408453 0.07501766784452296 0.063981220657277
1 0.37180800942285036 0.16552112676056338 0.0645583038869258 0.06953990610328639
0 0.2331095406360424 0.503492957746479 0.13260306242638398 0.06953990610328639
0 0.8943404004711425 0.5160093896713615 0.12910482921083627 0.20306103286384974
3 0.12581272084805653 0.43604225352112674 0.13084805653710246 0.05980281690140845
3 0.09528268551236749 0.46316431924882634 0.06630153121319199 0.11404694835680751
3 0.6099587750294464 0.47150234741784036 0.10467608951707892 0.11126760563380282
2 0.2557891637220259 0.4673333333333334 0.4571142520612485 0.575793427230047
2 0.39448763250883395 0.9054413145539907 0.17620730270906948 0.15298591549295776
2 0.7486572438162544 0.4687230046948357 0.45884570082449944 0.5813708920187793
4 0.2069434628975265 0.7399342723004695 0.15702002355712602 0.030591549295774647
4 0.7006772673733804 0.7427183098591549 0.15702002355712602 0.033380281690140845
4 0.8864899882214371 0.7434131455399061 0.057573616018845704 0.0319906103286385
4 0.8271672555948174 0.19125352112676056 0.15876325088339222 0.034769953051643196
4 0.6736395759717314 0.19125352112676056 0.13783274440518256 0.029211267605633803
4 0.2915547703180212 0.18777934272300467 0.10643109540636042 0.027821596244131455
4 0.18425795053003532 0.18916901408450704 0.12561837455830388 0.027821596244131455
1 0.322962308598351 0.49097652582159623 0.07153121319199057 0.04172769953051643
1 0.1877502944640754 0.4902769953051643 0.0628032979976443 0.034769953051643196
1 0.3875088339222615 0.8094741784037559 0.07153121319199057 0.06120187793427231
1 0.3857656065959953 0.7663568075117371 0.07501766784452296 0.07231924882629108
1 0.3683215547703181 0.6098920187793427 0.0645583038869258 0.05424413145539907