1 0.2656065959952886 0.5938967136150235 0.07302709069493522 0.05727699530516432
1 0.3745583038869258 0.2140845070422535 0.06831566548881036 0.048826291079812206
1 0.44228504122497053 0.3032863849765258 0.06831566548881036 0.051643192488262914
1 0.5111896348645465 0.2577464788732394 0.05889281507656066 0.05258215962441314
1 0.6372202591283863 0.28497652582159627 0.06949352179034157 0.051643192488262914
1 0.6383981154299175 0.34131455399061034 0.06949352179034157 0.05539906103286385
1 0.8639575971731449 0.6023474178403756 0.0800942285041225 0.06009389671361502
1 0.9193168433451119 0.6023474178403756 0.08716136631330977 0.051643192488262914
0 0.4958775029446408 0.7126760563380282 0.08716136631330977 0.10610328638497653
0 0.4799764428739694 0.18544600938967137 0.254416961130742 0.10328638497652583
3 0.5800942285041225 0.7981220657276995 0.07538280329799764 0.10422535211267606
3 0.5459363957597173 0.8225352112676056 0.1425206124852768 0.05258215962441314
3 0.535924617196702 0.41220657276995304 0.13898704358068315 0.0835680751173709
2 0.5412249705535924 0.6948356807511737 0.7220259128386337 0.3643192488262911
2 0.043580683156654886 0.584037558685446 0.08716136631330977 0.14084507042253522
2 0.5394581861012956 0.3018779342723005 0.7290930506478209 0.36619718309859156
4 0.19905771495877503 0.7338028169014085 0.038869257950530034 0.12488262910798122
4 0.1955241460541814 0.339906103286385 0.04240282685512368 0.12488262910798122
4 0.19493521790341578 0.19201877934272302 0.04004711425206125 0.046009389671361506
4 0.8875147232037691 0.23896713615023474 0.043580683156654886 0.1267605633802817
4 0.8875147232037691 0.3615023474178404 0.03651354534746761 0.10985915492957747
4 0.8916372202591284 0.6661971830985915 0.0353356890459364 0.08450704225352113
4 0.8898704358068316 0.751643192488263 0.0353356890459364 0.10046948356807511
1 0.5111896348645465 0.6413145539906103 0.05182567726737338 0.05727699530516432
1 0.5123674911660777 0.7488262910798122 0.043580683156654886 0.04976525821596244
1 0.11189634864546526 0.5896713615023474 0.07656065959952886 0.05727699530516432
1 0.16607773851590105 0.5910798122065728 0.09069493521790342 0.06009389671361502
1 0.3621908127208481 0.6051643192488263 0.06831566548881036 0.051643192488262914