1 0.2656065959952886 0.4061032863849765 0.07302709069493522 0.05727699530516432
1 0.3745583038869258 0.7859154929577464 0.06831566548881036 0.048826291079812206
1 0.44228504122497053 0.6967136150234742 0.06831566548881036 0.051643192488262914
1 0.5111896348645465 0.7422535211267606 0.05889281507656066 0.05258215962441314
1 0.6372202591283863 0.7150234741784037 0.06949352179034157 0.051643192488262914
1 0.6383981154299175 0.6586854460093897 0.06949352179034157 0.05539906103286385
1 0.8639575971731449 0.3976525821596244 0.0800942285041225 0.06009389671361502
1 0.9193168433451119 0.3976525821596244 0.08716136631330977 0.051643192488262914
0 0.4958775029446408 0.28732394366197184 0.08716136631330977 0.10610328638497653
0 0.4799764428739694 0.8145539906103286 0.254416961130742 0.10328638497652583
3 0.5800942285041225 0.20187793427230047 0.07538280329799764 0.10422535211267606
3 0.5459363957597173 0.17746478873239438 0.1425206124852768 0.05258215962441314
3 0.535924617196702 0.5877934272300469 0.13898704358068315 0.0835680751173709
2 0.5412249705535924 0.3051643192488263 0.7220259128386337 0.3643192488262911
2 0.043580683156654886 0.415962441314554 0.08716136631330977 0.14084507042253522
2 0.5394581861012956 0.6981220657276995 0.7290930506478209 0.36619718309859156
4 0.19905771495877503 0.2661971830985915 0.038869257950530034 0.12488262910798122
4 0.1955241460541814 0.6600938967136151 0.04240282685512368 0.12488262910798122
4 0.19493521790341578 0.807981220657277 0.04004711425206125 0.046009389671361506
4 0.8875147232037691 0.7610328638497652 0.043580683156654886 0.1267605633802817
4 0.8875147232037691 0.6384976525821596 0.03651354534746761 0.10985915492957747
4 0.8916372202591284 0.33380281690140845 0.0353356890459364 0.08450704225352113
4 0.8898704358068316 0.24835680751173708 0.0353356890459364 0.10046948356807511
1 0.5111896348645465 0.3586854460093897 0.05182567726737338 0.05727699530516432
1 0.5123674911660777 0.2511737089201878 0.043580683156654886 0.04976525821596244
1 0.11189634864546526 0.4103286384976526 0.07656065959952886 0.05727699530516432
1 0.16607773851590105 0.4089201877934272 0.09069493521790342 0.06009389671361502
1 0.3621908127208481 0.3948356807511737 0.06831566548881036 0.051643192488262914