1 0.7431972789115646 0.6722925457102672 0.06972789115646258 0.057665260196905765
1 0.7423469387755102 0.7658227848101266 0.07142857142857142 0.06188466947960619
1 0.7789115646258503 0.8270042194092827 0.06462585034013606 0.0379746835443038
1 0.7789115646258503 0.8741209563994374 0.06802721088435375 0.040787623066104076
1 0.7789115646258503 0.9142053445850914 0.05782312925170068 0.046413502109704644
1 0.25510204081632654 0.5295358649789029 0.05952380952380952 0.05485232067510549
1 0.32142857142857145 0.5281293952180028 0.06802721088435375 0.05485232067510549
4 0.8511904761904762 0.28973277074542897 0.12755102040816327 0.02109704641350211
4 0.6139455782312925 0.29043600562587907 0.1326530612244898 0.01969057665260197
4 0.391156462585034 0.2918424753867792 0.11904761904761904 0.01969057665260197
4 0.14965986394557823 0.2911392405063291 0.1292517006802721 0.02109704641350211
4 0.1377551020408163 0.7489451476793249 0.08843537414965986 0.015471167369901548
4 0.29081632653061223 0.7461322081575246 0.08843537414965986 0.02109704641350211
1 0.7134353741496599 0.2651195499296765 0.06462585034013606 0.06047819971870605
4 0.5952380952380952 0.7447257383966245 0.09523809523809523 0.01828410689170183
1 0.33503401360544216 0.6082981715893109 0.07142857142857142 0.04360056258790436
1 0.24149659863945577 0.5935302390998594 0.06972789115646258 0.046413502109704644
1 0.24404761904761904 0.6533052039381153 0.06802721088435375 0.046413502109704644
1 0.6751700680272109 0.6589310829817159 0.06802721088435375 0.04781997187060478
0 0.14200680272108843 0.5850914205344585 0.15476190476190477 0.06469760900140648
3 0.36139455782312924 0.6645569620253164 0.10034013605442177 0.05485232067510549
2 0.7321428571428571 0.6125175808720112 0.4370748299319728 0.6638537271448663
2 0.272108843537415 0.5203938115330521 0.42517006802721086 0.4711673699015471
0 0.8843537414965986 0.5956399437412095 0.12074829931972789 0.05485232067510549
3 0.36394557823129253 0.7229254571026723 0.09523809523809523 0.053445850914205346
1 0.24489795918367346 0.270042194092827 0.0663265306122449 0.05907172995780591
3 0.8282312925170068 0.6603375527426161 0.10374149659863946 0.05063291139240506
3 0.8656462585034014 0.7151898734177216 0.03231292517006803 0.040787623066104076
1 0.8409863945578231 0.5414908579465542 0.07653061224489796 0.04922644163150492
1 0.8018707482993197 0.590014064697609 0.0663265306122449 0.04219409282700422