1 0.26875180375180374 0.3838156209987196 0.0768109668109668 0.05841229193341869
0 0.8637734487734486 0.6333226632522407 0.18734487734487737 0.13015364916773367
2 0.49997113997114 0.49737516005121635 0.9991919191919193 0.752573623559539
4 0.30167388167388165 0.8580857874519846 0.11128427128427129 0.027823303457106274
4 0.18646464646464647 0.8559987195902689 0.1253968253968254 0.023649167733674776
4 0.786010101010101 0.12790012804097312 0.1394949494949495 0.022253521126760562
4 0.5563780663780664 0.127202304737516 0.1253968253968254 0.029206145966709344
4 0.19665223665223666 0.12929577464788733 0.13636363636363635 0.030601792573623558
1 0.6425901875901876 0.730134443021767 0.08151515151515151 0.05563380281690141
1 0.5587301587301587 0.6459859154929577 0.08935064935064935 0.06536491677336748
1 0.8126551226551227 0.6814468629961589 0.07053391053391053 0.061203585147247115
1 0.7397691197691197 0.5847887323943662 0.07838383838383839 0.06537772087067863
1 0.7162626262626263 0.4130217669654289 0.07523809523809524 0.07231754161331626