1 0.3694083694083694 0.70550576184379 0.06637806637806638 0.0678617157490397
0 0.65007215007215 0.17733674775928296 0.1471861471861472 0.16645326504481434
2 0.4971139971139971 0.5 0.8484848484848485 0.8860435339308579
4 0.9033189033189033 0.676056338028169 0.031746031746031744 0.09859154929577464
4 0.9011544011544012 0.7784891165172856 0.025974025974025976 0.11139564660691421
4 0.08080808080808081 0.24647887323943662 0.024531024531024532 0.12419974391805377
4 0.08008658008658008 0.4500640204865557 0.03318903318903319 0.11139564660691421
4 0.08225108225108226 0.7688860435339309 0.03463203463203463 0.12163892445582586
1 0.759018759018759 0.3732394366197183 0.06204906204906205 0.07170294494238157
1 0.6645021645021645 0.44814340588988477 0.0735930735930736 0.0793854033290653
1 0.7041847041847041 0.22279129321382843 0.06926406926406926 0.06274007682458387
1 0.5952380952380952 0.2874519846350832 0.0735930735930736 0.06914212548015365
1 0.4018759018759019 0.3079385403329065 0.08080808080808081 0.06658130601792574