1 0.6305916305916306 0.29449423815621 0.06637806637806638 0.0678617157490397
0 0.3499278499278499 0.822663252240717 0.1471861471861472 0.16645326504481434
2 0.5028860028860029 0.5 0.8484848484848485 0.8860435339308579
4 0.09668109668109669 0.323943661971831 0.031746031746031744 0.09859154929577464
4 0.09884559884559885 0.22151088348271447 0.025974025974025976 0.11139564660691421
4 0.9191919191919192 0.7535211267605634 0.024531024531024532 0.12419974391805377
4 0.9199134199134199 0.5499359795134443 0.03318903318903319 0.11139564660691421
4 0.9177489177489178 0.23111395646606914 0.03463203463203463 0.1203585147247119
1 0.240981240981241 0.6267605633802817 0.06204906204906205 0.07170294494238157
1 0.3354978354978355 0.5518565941101152 0.0735930735930736 0.0793854033290653
1 0.2958152958152958 0.7772087067861716 0.06926406926406926 0.06274007682458387
1 0.40476190476190477 0.7125480153649167 0.0735930735930736 0.06914212548015365
1 0.5981240981240982 0.6920614596670934 0.08080808080808081 0.06658130601792574