1 0.2216087443946188 0.41866532258064515 0.08507847533632287 0.06120161290322581
1 0.20517376681614352 0.9172741935483871 0.09086322869955156 0.07370967741935484
1 0.21097533632286997 0.7677620967741935 0.0831390134529148 0.05841129032258065
1 0.3530829596412556 0.7559395161290323 0.08506726457399102 0.05145967741935484
1 0.3598486547085202 0.6098991935483871 0.08312780269058297 0.06258870967741935
1 0.2312780269058296 0.6231129032258065 0.08506726457399102 0.06119354838709677
1 0.2013116591928251 0.5146290322580646 0.0754035874439462 0.05285483870967742
1 0.6885313901345292 0.7260322580645161 0.07926008968609866 0.06675806451612903
1 0.6933632286995516 0.6655322580645161 0.08506726457399102 0.05424193548387097
1 0.8712387892376683 0.1711008064516129 0.08507847533632287 0.0639758064516129
1 0.38885089686098656 0.17179032258064514 0.07927130044843049 0.05424193548387097
1 0.30184417040358746 0.4770766129032257 0.07927130044843049 0.0639758064516129
4 0.06790358744394619 0.7712379032258064 0.032869955156950674 0.07928225806451614
4 0.12977017937219731 0.8929354838709678 0.08312780269058297 0.030596774193548386
4 0.3656502242152467 0.8901532258064516 0.09860986547085202 0.025032258064516127
4 0.796804932735426 0.8943266129032258 0.19914798206278025 0.03337903225806452
4 0.6121580717488789 0.8929354838709678 0.07346412556053812 0.025032258064516127
4 0.5512556053811659 0.8073991935483871 0.04060538116591928 0.14881451612903226
4 0.5522197309417041 0.47638306451612894 0.04253363228699551 0.05145967741935484
4 0.5493217488789238 0.30670564516129034 0.036737668161434985 0.1543790322580645
3 0.6047869955156951 0.6907258064516129 0.07345291479820627 0.2396935483870968
3 0.12558295964125563 0.7538709677419354 0.07165919282511211 0.11598387096774193
3 0.12916479820627802 0.6327338709677419 0.07882286995515696 0.12370967741935485
2 0.7400336322869955 0.5438185483870968 0.41919282511210765 0.7242338709677419
2 0.2635201793721973 0.541241935483871 0.41560538116591933 0.7268064516129032
0 0.8000504484304932 0.6617298387096775 0.1343609865470852 0.08376612903225807
0 0.36653026905829594 0.6572217741935484 0.18810538116591927 0.14175000000000001
4 0.1829372197309417 0.19474193548387098 0.1662780269058296 0.025032258064516127
4 0.30571188340807176 0.19613306451612905 0.0870067264573991 0.02504032258064516
4 0.709798206278027 0.1926532258064516 0.257152466367713 0.02920967741935484
4 0.06790358744394619 0.474991935483871 0.04060538116591928 0.04590322580645161
4 0.06983183856502242 0.8400846774193548 0.032869955156950674 0.07510483870967742