1 0.3867713004484305 0.7004032258064516 0.08520179372197309 0.06129032258064516
1 0.8721973094170403 0.7080645161290322 0.08071748878923767 0.05967741935483871
1 0.8559417040358744 0.6056451612903225 0.07174887892376682 0.06129032258064516
1 0.6530269058295964 0.6008064516129032 0.08744394618834081 0.05967741935483871
1 0.6709641255605381 0.6931451612903226 0.08520179372197309 0.06129032258064516
1 0.5201793721973094 0.7149193548387097 0.07399103139013453 0.05403225806451613
1 0.8144618834080718 0.36451612903225805 0.0930493273542601 0.05725806451612903
1 0.7303811659192825 0.36088709677419356 0.07511210762331838 0.06129032258064516
1 0.043161434977578475 0.23306451612903226 0.08632286995515695 0.06129032258064516
1 0.043721973094170405 0.5798387096774194 0.07511210762331838 0.05725806451612903
1 0.4680493273542601 0.6427419354838709 0.08856502242152467 0.05725806451612903
4 0.8772421524663677 0.8108870967741936 0.10986547085201794 0.02338709677419355
4 0.9114349775784754 0.4629032258064516 0.17713004484304934 0.02903225806451613
4 0.4669282511210762 0.4625 0.07174887892376682 0.03064516129032258
4 0.23150224215246637 0.4645161290322581 0.2141255605381166 0.02661290322580645
3 0.7651345291479821 0.4245967741935484 0.3329596412556054 0.0532258064516129
3 0.8531390134529148 0.7693548387096775 0.16143497757847533 0.05161290322580645
3 0.6844170403587444 0.7669354838709678 0.17152466367713004 0.056451612903225805
2 0.5285874439461884 0.32741935483870965 0.9428251121076233 0.3016129032258065
2 0.5257847533632287 0.6697580645161291 0.9484304932735426 0.2991935483870968
0 0.7247757847533632 0.2842741935483871 0.11659192825112108 0.0967741935483871
0 0.718609865470852 0.5959677419354839 0.19730941704035873 0.13548387096774195
4 0.07567264573991031 0.728225806451613 0.034753363228699555 0.11935483870967742
4 0.0773542600896861 0.6399193548387097 0.034753363228699555 0.06290322580645161
4 0.07286995515695067 0.34919354838709676 0.04035874439461883 0.18467741935483872
4 0.46524663677130046 0.8108870967741936 0.06390134529147982 0.02903225806451613
4 0.9602017937219731 0.8092741935483871 0.0795964125560538 0.02338709677419355