4 0.5950527704485489 0.8157589880159787 0.11575197889182057 0.03199733688415446
1 0.5929881266490765 0.5890479360852197 0.07027704485488127 0.07093209054593876
1 0.24986807387862797 0.5932223701731025 0.07577836411609498 0.0681491344873502
1 0.24435356200527705 0.47639813581890816 0.059261213720316626 0.054234354194407454
1 0.2788060686015831 0.8484420772303596 0.07853562005277046 0.09179760319573901
4 0.12378627968337733 0.12382157123834886 0.12952506596306068 0.03059920106524634
4 0.5247757255936676 0.12590545938748335 0.242532981530343 0.040332889480692406
4 0.7280277044854881 0.1947536617842876 0.03170184696569921 0.06676431424766978
4 0.7307783641160949 0.4506657789613848 0.031688654353562 0.12796271637816245
1 0.30360817941952506 0.09601198402130494 0.07027704485488127 0.07788282290279627
4 0.1279155672823219 0.8150599201065246 0.063377308707124 0.036165113182423436
4 0.4131530343007916 0.812276964047936 0.11575197889182057 0.025033288948069242
1 0.2553759894459103 0.3484354194407457 0.07579155672823219 0.07093209054593876
2 0.379967018469657 0.47165778961384824 0.7303034300791558 0.7164980026631159
0 0.16994063324538258 0.46842876165113184 0.09320580474934037 0.0863382157123835
0 0.12206464379947228 0.596011984021305 0.18895778364116095 0.1507723035952064
1 0.2354023746701847 0.2990679094540613 0.038588390501319264 0.03059920106524634
1 0.36011213720316626 0.6008721704394141 0.07027704485488127 0.06398135818908122