4 0.18733509234828497 0.4041278295605859 0.0316622691292876 0.11717709720372836
1 0.41160949868073876 0.40612516644474034 0.06992084432717678 0.07057256990679095
1 0.4076517150395778 0.7523302263648469 0.06728232189973615 0.0758988015978695
1 0.5230870712401056 0.7583222370173103 0.05408970976253298 0.05992010652463382
1 0.1550131926121372 0.7230359520639148 0.09102902374670185 0.07989347536617843
4 0.8726912928759895 0.8794940079893475 0.030343007915567283 0.13049267643142476
4 0.8707124010554089 0.47470039946737685 0.0395778364116095 0.24500665778961384
4 0.8021108179419525 0.26964047936085217 0.06596306068601583 0.03195739014647137
4 0.5488126649076517 0.2669773635153129 0.1266490765171504 0.03195739014647137
1 0.9003957783641161 0.6984021304926764 0.07651715039577836 0.07057256990679095
4 0.1879947229551451 0.8754993342210386 0.03562005277044855 0.06391478029294274
4 0.19063324538258575 0.5878828229027963 0.025065963060686015 0.11717709720372836
1 0.6503957783641161 0.7470039946737683 0.06992084432717678 0.0758988015978695
2 0.5283641160949868 0.6211717709720372 0.7097625329815304 0.7376830892143809
0 0.5310026385224275 0.8328894806924101 0.08575197889182058 0.09454061251664447
0 0.4050131926121372 0.881491344873502 0.14907651715039577 0.1904127829560586
1 0.6992084432717678 0.7669773635153129 0.030343007915567283 0.03861517976031957
1 0.3997361477572559 0.6411451398135819 0.0633245382585752 0.07057256990679095