1 0.22424354243542435 0.35134615384615386 0.03825338253382534 0.06669230769230769
4 0.12028290282902827 0.7253589743589743 0.00974169741697417 0.07246153846153847
4 0.09663591635916359 0.43398717948717946 0.045891758917589176 0.029
4 0.1800861008610086 0.7818974358974359 0.09318573185731858 0.023179487179487177
4 0.3428167281672817 0.7811794871794873 0.020861008610086103 0.021743589743589746
4 0.4227859778597786 0.7818974358974359 0.06119311193111931 0.023179487179487177
4 0.4805043050430504 0.5687948717948718 0.01111931119311193 0.04928205128205128
4 0.4794649446494465 0.4035384615384615 0.009040590405904058 0.04928205128205128
4 0.5997662976629766 0.5195000000000001 0.013210332103321034 0.1478717948717949
4 0.7033825338253383 0.7797307692307693 0.11195571955719556 0.030435897435897433
4 0.8278659286592865 0.7797179487179488 0.024341943419434194 0.021743589743589746
4 0.9092250922509225 0.7818974358974359 0.05771217712177122 0.0261025641025641
4 0.9683394833948339 0.5209615384615384 0.010430504305043052 0.046384615384615385
4 0.904009840098401 0.24407692307692308 0.06120541205412054 0.0261025641025641
4 0.7837023370233702 0.24334615384615385 0.025043050430504303 0.027564102564102563
4 0.7099876998769988 0.24043589743589744 0.020861008610086103 0.021743589743589746
1 0.8661070110701107 0.5746025641025642 0.029901599015990158 0.07828205128205129
1 0.8709778597785978 0.5108076923076923 0.034083640836408365 0.055102564102564096
1 0.8556765067650676 0.3991794871794872 0.03546125461254612 0.0695897435897436
1 0.5865559655596556 0.3325 0.03825338253382534 0.06669230769230769
2 0.25380073800738007 0.5122564102564102 0.45896678966789667 0.5494358974358975
2 0.7833579335793358 0.4397820512820512 0.37761377613776137 0.6943846153846154
3 0.34107626076260766 0.667371794871795 0.038241082410824107 0.22182051282051282
3 0.31881918819188193 0.7333333333333333 0.08553505535055352 0.09569230769230769
3 0.8049077490774907 0.7304358974358974 0.08275522755227552 0.0898974358974359
3 0.8257749077490774 0.6688205128205128 0.04102091020910209 0.2072820512820513
0 0.3914883148831489 0.41585897435897434 0.054243542435424355 0.0985897435897436
0 0.9102644526445265 0.4861666666666667 0.05007380073800738 0.11161538461538462
1 0.5876014760147601 0.19478205128205128 0.038942189421894216 0.06956410256410256
1 0.26145141451414516 0.8087179487179488 0.03616236162361623 0.07974358974358975
1 0.34629151291512916 0.45644871794871794 0.03059040590405904 0.07392307692307692
1 0.3511562115621156 0.5303717948717949 0.03476014760147602 0.06233333333333333
1 0.42070110701107005 0.35134615384615386 0.04172201722017221 0.05797435897435897
1 0.3511562115621156 0.32815384615384613 0.038942189421894216 0.0695897435897436
1 0.22007380073800736 0.4202051282051283 0.03407134071340713 0.07974358974358975
1 0.10672201722017219 0.34989743589743594 0.03546125461254612 0.0695897435897436