4 0.6346863468634686 0.1717948717948718 0.00984009840098401 0.04358974358974359
4 0.6353013530135302 0.3384615384615385 0.01107011070110701 0.1282051282051282
4 0.533210332103321 0.45897435897435895 0.023370233702337023 0.023076923076923078
4 0.45387453874538747 0.4576923076923077 0.023370233702337023 0.017948717948717947
4 0.5092250922509225 0.7076923076923077 0.07134071340713408 0.028205128205128206
4 0.6334563345633456 0.9038461538461539 0.014760147601476014 0.19230769230769232
4 0.3757687576875769 0.9371794871794872 0.00984009840098401 0.04358974358974359
1 0.4194341943419434 0.6807692307692308 0.03198031980319803 0.07948717948717948
2 0.5055350553505535 0.23205128205128206 0.26322263222632225 0.4641025641025641
2 0.470479704797048 0.8487179487179487 0.3333333333333333 0.30256410256410254
3 0.5805658056580566 0.16923076923076924 0.1070110701107011 0.07948717948717948
3 0.6119311193111932 0.12179487179487179 0.04551045510455105 0.1794871794871795
0 0.45940959409594095 0.2743589743589744 0.046740467404674045 0.11282051282051282
1 0.35362853628536284 0.6820512820512821 0.033210332103321034 0.08205128205128205
1 0.6476014760147601 0.019230769230769232 0.038130381303813035 0.038461538461538464
1 0.479089790897909 0.1794871794871795 0.03567035670356704 0.0641025641025641
1 0.514760147601476 0.18974358974358974 0.02952029520295203 0.07179487179487179
1 0.42865928659286595 0.3346153846153846 0.028290282902829027 0.08717948717948718
1 0.4175891758917589 0.18974358974358974 0.033210332103321034 0.08205128205128205