1 0.2666015625 0.2669270833333333 0.037109375 0.049479166666666664
1 0.2646484375 0.16536458333333334 0.037109375 0.046875
1 0.232421875 0.21223958333333334 0.03125 0.044270833333333336
1 0.5263671875 0.8125 0.03125 0.049479166666666664
1 0.4619140625 0.8359375 0.033203125 0.052083333333333336
1 0.390625 0.6953125 0.029296875 0.036458333333333336
0 0.357421875 0.3307291666666667 0.09765625 0.09114583333333333
0 0.6484375 0.37890625 0.03515625 0.049479166666666664
0 0.4267578125 0.7838541666666666 0.037109375 0.0546875
2 0.333984375 0.7565104166666666 0.3515625 0.4869791666666667
2 0.2841796875 0.24348958333333334 0.251953125 0.4869791666666667
2 0.6513671875 0.515625 0.25 0.3229166666666667
3 0.4931640625 0.8059895833333334 0.04296875 0.057291666666666664
3 0.33984375 0.77734375 0.0703125 0.046875
3 0.322265625 0.7552083333333334 0.041015625 0.09375
3 0.337890625 0.21484375 0.06640625 0.046875
3 0.3564453125 0.16796875 0.099609375 0.046875
3 0.638671875 0.5611979166666666 0.044921875 0.06510416666666667
1 0.396484375 0.734375 0.03125 0.036458333333333336
1 0.3955078125 0.7890625 0.03125 0.036458333333333336
1 0.3935546875 0.8346354166666666 0.029296875 0.044270833333333336
1 0.396484375 0.8815104166666666 0.025390625 0.028645833333333332
1 0.3671875 0.8828125 0.03515625 0.044270833333333336
1 0.3173828125 0.8359375 0.03515625 0.049479166666666664
1 0.2626953125 0.7369791666666666 0.029296875 0.044270833333333336
4 0.1640625 0.8997395833333334 0.015625 0.10677083333333333
1 0.2314453125 0.73828125 0.03125 0.046875
1 0.712890625 0.4036458333333333 0.029296875 0.0390625
1 0.654296875 0.4205729166666667 0.029296875 0.0390625
1 0.6474609375 0.4166666666666667 0.029296875 0.033854166666666664
1 0.5986328125 0.609375 0.029296875 0.041666666666666664
1 0.5947265625 0.5572916666666666 0.03515625 0.0625
1 0.3447265625 0.07552083333333333 0.037109375 0.049479166666666664
1 0.419921875 0.24609375 0.03515625 0.046875
4 0.4072265625 0.19140625 0.01171875 0.059895833333333336
4 0.373046875 0.4830729166666667 0.025390625 0.015625
4 0.2861328125 0.48046875 0.0625 0.018229166666666668
4 0.2001953125 0.4817708333333333 0.029296875 0.013020833333333334
4 0.4775390625 0.8971354166666666 0.0546875 0.015625
4 0.4794921875 0.7057291666666666 0.05859375 0.015625
4 0.5107421875 0.7421875 0.009765625 0.0625
4 0.2353515625 0.5169270833333334 0.056640625 0.018229166666666668
4 0.40625 0.59375 0.01171875 0.08333333333333333
4 0.4052734375 0.9674479166666666 0.013671875 0.06510416666666667
4 0.1650390625 0.6276041666666666 0.013671875 0.10677083333333333
1 0.3935546875 0.24609375 0.029296875 0.041666666666666664
1 0.3603515625 0.2708333333333333 0.037109375 0.044270833333333336