1 0.6747363281250001 0.1885286458333333 0.03650390625 0.048671875
1 0.7514062499999999 0.1864453125 0.03546875 0.050078125
1 0.715947265625 0.14332031250000002 0.03337890625 0.04174479166666667
1 0.26583007812500004 0.5355338541666667 0.03650390625 0.04174479166666667
1 0.247578125 0.4486067708333334 0.0396484375 0.04309895833333333
1 0.35345703125 0.3540234375 0.0281640625 0.040338541666666665
0 0.6266015625 0.30994791666666666 0.06765625 0.13015625
0 0.5903515625 0.6984765624999999 0.0376953125 0.04638020833333333
0 0.287353515625 0.40208333333333335 0.04060546875 0.04895833333333333
2 0.289765625 0.28029947916666664 0.40109375 0.4677864583333333
2 0.70923828125 0.2139322916666667 0.40109375 0.3350520833333333
2 0.48838867187499996 0.7023307291666666 0.24162109375 0.3324739583333333
3 0.270927734375 0.49100260416666663 0.04251953125 0.056692708333333335
3 0.2921875 0.2861067708333333 0.0348046875 0.09278645833333334
3 0.308623046875 0.26291666666666663 0.06958984375 0.054114583333333334
3 0.7140624999999999 0.2841666666666667 0.0357421875 0.08890625
3 0.7488574218749999 0.30800781250000003 0.03576171875 0.13403645833333333
3 0.454560546875 0.6849479166666667 0.04833984375 0.06057291666666667
1 0.3242578125 0.36167968749999996 0.0281640625 0.04174479166666667
1 0.28357421875 0.36028645833333334 0.0281640625 0.04171875
1 0.249140625 0.358203125 0.03234375 0.0403125
1 0.213681640625 0.3623828125 0.02189453125 0.034765625
1 0.213154296875 0.32273437499999996 0.03337890625 0.04729166666666667
1 0.24810546875 0.2559765625 0.0365234375 0.047265625
1 0.32268554687499995 0.18295572916666666 0.03337890625 0.040338541666666665
4 0.20063476562500002 0.0522265625 0.07927734375 0.020859375
1 0.321640625 0.14192708333333334 0.03546875 0.04171875
1 0.5719921875 0.7837890625 0.02921875 0.040338541666666665
1 0.5599902343750001 0.7052083333333333 0.03025390625 0.03895833333333334
1 0.56259765625 0.696171875 0.0250390625 0.0403125
1 0.417607421875 0.6314973958333333 0.03130859375 0.03893229166666667
1 0.45724609375 0.6266276041666666 0.0458984375 0.04591145833333333
1 0.818681640625 0.2935286458333333 0.03650390625 0.050078125
1 0.690380859375 0.39296875000000003 0.03443359375 0.04588541666666667
4 0.731064453125 0.3762890625 0.04486328125 0.015286458333333334
4 0.907353515625 0.3394270833333333 0.00939453125 0.03895833333333334
4 0.907353515625 0.21842447916666666 0.01146484375 0.077890625
4 0.9078710937500001 0.10229166666666667 0.0104296875 0.043125
4 0.513056640625 0.33037760416666667 0.01146484375 0.034765625
4 0.514619140625 0.2149609375 0.01458984375 0.08205729166666667
4 0.51357421875 0.10020833333333334 0.0104296875 0.03895833333333334
4 0.201689453125 0.46946614583333335 0.01251953125 0.07372395833333333
4 0.345634765625 0.47295572916666667 0.01251953125 0.077890625
4 0.31798828125 0.5146614583333333 0.046953125 0.01390625
4 0.48697265625 0.1475 0.0135546875 0.07510416666666667
4 0.42959960937499997 0.3748958333333334 0.06154296875 0.0153125
4 0.14587890625 0.3748958333333334 0.0573828125 0.018072916666666668
4 0.40457031250000003 0.053619791666666666 0.0803125 0.018072916666666668
1 0.6908984375 0.3575130208333333 0.0312890625 0.03893229166666667
1 0.67212890625 0.31369791666666663 0.0333984375 0.04869791666666667