4 0.48382838283828383 0.2726660516605166 0.0199009900990099 0.06396678966789668
4 0.03165841584158416 0.21008302583025829 0.02113861386138614 0.2086162361623616
4 0.4832013201320133 0.1544557195571956 0.021155115511551154 0.11961254612546125
4 0.3967491749174918 0.37906826568265684 0.044785478547854786 0.02363468634686347
4 0.2592986798679868 0.3769741697416974 0.03358085808580858 0.022250922509225092
4 0.9801567656765677 0.13219557195571957 0.022392739273927393 0.06675276752767528
4 0.717062706270627 0.3790590405904059 0.1331023102310231 0.026420664206642068
4 0.5677970297029703 0.37976014760147603 0.06592409240924092 0.025018450184501845
4 0.787970297029703 0.5918634686346864 0.02363036303630363 0.07649446494464945
4 0.5155445544554454 0.8672416974169742 0.09577557755775577 0.031974169741697415
4 0.3078052805280528 0.7010424354243542 0.02363036303630363 0.06119926199261993
4 0.30718646864686466 0.8067435424354243 0.022392739273927393 0.05843173431734318
1 0.275470297029703 0.2851845018450185 0.038564356435643564 0.055645756457564574
1 0.3438778877887789 0.33664206642066424 0.05597359735973598 0.06398523985239853
1 0.3351815181518152 0.40062730627306276 0.05597359735973598 0.06398523985239853
1 0.8221782178217822 0.08630073800738008 0.05471947194719472 0.05285977859778598
1 0.8980528052805281 0.10021217712177122 0.05224422442244225 0.05562730627306273
1 0.9415924092409241 0.09812730627306274 0.05473597359735974 0.05145756457564576
1 0.8215511551155115 0.2893634686346863 0.05597359735973598 0.05562730627306273
1 0.836476897689769 0.35611623616236165 0.05846534653465346 0.06396678966789668
1 0.8383498349834984 0.40757380073800736 0.0646864686468647 0.06119926199261993
1 0.5261138613861387 0.6064667896678968 0.06219471947194719 0.06677121771217712
1 0.6467821782178219 0.6092527675276753 0.06221122112211221 0.06953874538745387
1 0.6747689768976897 0.5640498154981549 0.05597359735973598 0.05702952029520295
1 0.6716666666666667 0.7052121771217712 0.0646864686468647 0.06119926199261993
1 0.643052805280528 0.8018726937269373 0.05722772277227723 0.059797047970479696
1 0.49439768976897686 0.7031273062730626 0.05846534653465346 0.05702952029520295
1 0.39426567656765676 0.7316328413284133 0.04975247524752475 0.05562730627306273
1 0.6585973597359737 0.8943634686346864 0.06095709570957095 0.07511070110701107
3 0.42052805280528055 0.26606088560885605 0.11755775577557755 0.07345018450184503
3 0.4574092409240925 0.3047140221402214 0.04610561056105611 0.14304428044280443
3 0.41879537953795376 0.3395110701107011 0.12564356435643564 0.06828413284132841
3 0.4401155115511551 0.42455719557195576 0.08759075907590759 0.08118081180811808
3 0.9201567656765677 0.3420940959409594 0.10948844884488448 0.07345018450184503
3 0.7340181518151815 0.7712084870848708 0.09681518151815181 0.05798892988929889
3 0.7386303630363037 0.831780442804428 0.09452145214521453 0.0631549815498155
3 0.481039603960396 0.9155442804428043 0.08643564356435644 0.08632841328413283
0 0.2637706270627062 0.33693726937269375 0.06915841584158415 0.07088560885608856
0 0.8619554455445545 0.12751845018450186 0.10602310231023103 0.19071955719557196
2 0.25801980198019797 0.2035608856088561 0.46333333333333326 0.3659778597785978
2 0.7530445544554456 0.20742619926199263 0.4667821782178218 0.36083025830258303
2 0.5490429042904291 0.6880904059040591 0.49214521452145216 0.37629151291512913