4 0.4834983498349835 0.2730627306273063 0.019801980198019802 0.06457564575645756
4 0.03135313531353135 0.21033210332103322 0.02145214521452145 0.20848708487084872
4 0.4834983498349835 0.1540590405904059 0.02145214521452145 0.11992619926199262
4 0.39686468646864687 0.37915129151291516 0.04455445544554455 0.023985239852398525
4 0.2590759075907591 0.3773062730627306 0.033003300330033 0.02214022140221402
4 0.9801980198019802 0.13191881918819187 0.0231023102310231 0.06642066420664207
4 0.716996699669967 0.37915129151291516 0.13366336633663367 0.025830258302583026
4 0.5676567656765676 0.3800738007380074 0.066006600660066 0.025830258302583026
4 0.7879537953795379 0.5922509225092251 0.0231023102310231 0.07564575645756458
4 0.5156765676567657 0.8671586715867159 0.09570957095709572 0.03136531365313653
4 0.30775577557755773 0.7011070110701108 0.0231023102310231 0.06088560885608856
4 0.3069306930693069 0.8071955719557196 0.0231023102310231 0.05904059040590406
1 0.2755775577557756 0.28505535055350556 0.037953795379537955 0.055350553505535055
1 0.34405940594059403 0.3367158671586716 0.056105610561056105 0.06457564575645756
1 0.334983498349835 0.4003690036900369 0.056105610561056105 0.06457564575645756
1 0.8217821782178217 0.08671586715867159 0.054455445544554455 0.05350553505535055
1 0.8976897689768977 0.10055350553505535 0.052805280528052806 0.055350553505535055
1 0.9414191419141914 0.09778597785977859 0.054455445544554455 0.05166051660516605
1 0.8217821782178217 0.2896678966789668 0.056105610561056105 0.055350553505535055
1 0.8366336633663366 0.35608856088560886 0.057755775577557754 0.06457564575645756
1 0.8382838283828383 0.4077490774907749 0.06435643564356436 0.06088560885608856
1 0.5264026402640264 0.6060885608856088 0.0627062706270627 0.06642066420664207
1 0.6468646864686468 0.6088560885608856 0.0627062706270627 0.07011070110701106
1 0.6749174917491749 0.5636531365313653 0.056105610561056105 0.05719557195571956
1 0.6716171617161716 0.7047970479704797 0.06435643564356436 0.06088560885608856
1 0.6427392739273927 0.801660516605166 0.057755775577557754 0.05904059040590406
1 0.49422442244224424 0.7029520295202952 0.057755775577557754 0.05719557195571956
1 0.3943894389438944 0.731549815498155 0.04950495049504951 0.055350553505535055
1 0.6584158415841584 0.8939114391143912 0.06105610561056106 0.07564575645756458
3 0.4207920792079208 0.2656826568265683 0.11716171617161716 0.07380073800738007
3 0.4570957095709571 0.3044280442804428 0.0462046204620462 0.14391143911439114
3 0.41914191419141916 0.33948339483394835 0.1254125412541254 0.06826568265682657
3 0.4397689768976898 0.42435424354243545 0.08745874587458746 0.08118081180811808
3 0.91996699669967 0.3422509225092251 0.10891089108910891 0.07380073800738007
3 0.7343234323432343 0.7712177121771218 0.09735973597359736 0.05719557195571956
3 0.7384488448844885 0.8321033210332104 0.09405940594059406 0.06273062730627306
3 0.48102310231023104 0.915129151291513 0.0858085808580858 0.08671586715867159
0 0.264026402640264 0.3367158671586716 0.06930693069306931 0.07011070110701106
0 0.8622112211221122 0.12730627306273062 0.10561056105610561 0.1900369003690037
2 0.25825082508250824 0.20387453874538744 0.4636963696369637 0.36531365313653136
2 0.7533003300330033 0.20756457564575645 0.466996699669967 0.36162361623616235
2 0.5486798679867987 0.6881918819188192 0.49174917491749176 0.3763837638376384