4 0.7029702970297029 0.518450184501845 0.057755775577557754 0.02214022140221402
4 0.8094059405940595 0.518450184501845 0.10726072607260725 0.023985239852398525
4 0.608085808580858 0.6153136531365314 0.02145214521452145 0.04981549815498155
4 0.6097359735973598 0.7693726937269373 0.019801980198019802 0.03690036900369004
4 0.608085808580858 0.257380073800738 0.0231023102310231 0.14944649446494465
4 0.6072607260726073 0.42435424354243545 0.0231023102310231 0.07380073800738007
4 0.4174917491749175 0.17804428044280443 0.06765676567656766 0.025830258302583026
4 0.1716171617161716 0.48247232472324725 0.028052805280528052 0.1070110701107011
4 0.3201320132013201 0.7149446494464945 0.054455445544554455 0.025830258302583026
4 0.22524752475247525 0.7158671586715867 0.052805280528052806 0.025830258302583026
1 0.6922442244224423 0.7509225092250923 0.04950495049504951 0.042435424354243544
1 0.6460396039603961 0.6743542435424354 0.057755775577557754 0.06273062730627306
1 0.5891089108910891 0.6845018450184502 0.057755775577557754 0.06273062730627306
1 0.8696369636963697 0.14022140221402213 0.04785478547854786 0.06088560885608856
1 0.8572607260726073 0.055350553505535055 0.04950495049504951 0.05904059040590406
1 0.8597359735973598 0.01845018450184502 0.0462046204620462 0.03690036900369004
1 0.6881188118811881 0.14022140221402213 0.04950495049504951 0.06273062730627306
1 0.6287128712871287 0.12361623616236163 0.057755775577557754 0.06457564575645756
1 0.5825082508250825 0.12177121771217712 0.054455445544554455 0.07195571955719557
1 0.4051155115511551 0.470479704797048 0.0594059405940594 0.07011070110701106
1 0.40264026402640263 0.33579335793357934 0.0627062706270627 0.07011070110701106
1 0.4430693069306931 0.3044280442804428 0.05115511551155116 0.06273062730627306
1 0.31683168316831684 0.3081180811808118 0.054455445544554455 0.07195571955719557
1 0.2301980198019802 0.3404059040590406 0.052805280528052806 0.06457564575645756
1 0.3184818481848185 0.5064575645756457 0.05115511551155116 0.06457564575645756
1 0.2929042904290429 0.6180811808118081 0.04950495049504951 0.055350553505535055
1 0.1476897689768977 0.32287822878228783 0.06765676567656766 0.06826568265682657
3 0.7095709570957096 0.5885608856088561 0.066006600660066 0.13099630996309963
3 0.6749174917491749 0.5479704797047971 0.12871287128712872 0.05166051660516605
3 0.6435643564356436 0.5904059040590406 0.06105610561056106 0.14022140221402213
3 0.5676567656765676 0.5673431734317343 0.07260726072607261 0.09778597785977859
3 0.6402640264026402 0.045202952029520294 0.066006600660066 0.09040590405904059
3 0.25742574257425743 0.23800738007380073 0.05115511551155116 0.1088560885608856
3 0.20297029702970298 0.2333948339483395 0.056105610561056105 0.10516605166051661
3 0.12871287128712872 0.5212177121771218 0.07755775577557755 0.0959409594095941
0 0.6460396039603961 0.7638376383763837 0.0627062706270627 0.07749077490774908
0 0.8333333333333334 0.09501845018450185 0.16996699669966997 0.11808118081180811
2 0.764026402640264 0.7555350553505535 0.32673267326732675 0.488929889298893
2 0.7607260726072608 0.238929889298893 0.3234323432343234 0.477859778597786
2 0.3316831683168317 0.4455719557195572 0.33663366336633666 0.5498154981549815