1 0.7271293375394322 0.6329856584093873 0.10094637223974763 0.08604954367666232
1 0.5488958990536278 0.6342894393741851 0.08675078864353312 0.08604954367666232
1 0.1632492113564669 0.3455019556714472 0.11041009463722397 0.07953063885267275
4 0.20110410094637224 0.8976531942633638 0.04889589905362776 0.07692307692307693
4 0.20425867507886436 0.7640156453715776 0.0583596214511041 0.05736636245110821
4 0.19794952681388012 0.5541069100391134 0.03943217665615142 0.12385919165580182
4 0.7152996845425867 0.19947848761408082 0.15141955835962145 0.03780964797913951
4 0.46845425867507884 0.2014341590612777 0.17665615141955837 0.03911342894393742
4 0.2949526813880126 0.19947848761408082 0.11514195583596215 0.03259452411994785
1 0.2981072555205047 0.7646675358539765 0.10094637223974763 0.07561929595827901
1 0.6293375394321766 0.4758800521512386 0.08675078864353312 0.08083441981747067
0 0.4471608832807571 0.7379400260756193 0.4305993690851735 0.1121251629726206
2 0.5181388012618297 0.5782268578878749 0.6782334384858044 0.771838331160365