1 0.7270820189274448 0.6328552803129074 0.10094637223974763 0.08623207301173402
1 0.548730283911672 0.6342438070404172 0.08749211356466877 0.08621903520208604
1 0.16341482649842273 0.34565189048239897 0.11105678233438485 0.07928292046936115
4 0.2012776025236593 0.8978031290743155 0.048801261829653 0.07649282920469361
4 0.20463722397476342 0.7642894393741851 0.058895899053627764 0.05702737940026076
4 0.19791009463722398 0.5542764015645372 0.038690851735015776 0.12378096479791395
4 0.715307570977918 0.1996088657105606 0.1514353312302839 0.03754889178617992
4 0.46880914826498427 0.2017014341590613 0.17667192429022083 0.038943937418513694
4 0.2946529968454259 0.19961538461538464 0.11441640378548897 0.03198174706649283
1 0.2980205047318612 0.7649804432855281 0.1009621451104101 0.07509778357235984
1 0.6294873817034701 0.4756910039113429 0.08749211356466877 0.08066492829204694
0 0.44706624605678236 0.7377118644067797 0.4302839116719243 0.11211212516297261
2 0.5179968454258674 0.5779204693611473 0.6781703470031546 0.7719035202086049