1 0.6608832807570978 0.3122555410691004 0.10410094637223975 0.08344198174706649
1 0.6624605678233438 0.4595827900912647 0.10410094637223975 0.07170795306388526
1 0.31309148264984227 0.7783572359843546 0.09621451104100946 0.09126466753585398
4 0.9668769716088328 0.7464146023468058 0.06624605678233439 0.04041720990873533
4 0.8194006309148265 0.7444589308996089 0.0694006309148265 0.048239895697522815
4 0.5654574132492114 0.7496740547588006 0.1498422712933754 0.03259452411994785
4 0.13643533123028392 0.3220338983050847 0.04574132492113565 0.12516297262059975
4 0.138801261829653 0.5260756192959583 0.0473186119873817 0.14602346805736635
4 0.13643533123028392 0.6694915254237288 0.03943217665615142 0.09517601043024772
1 0.8201892744479495 0.666883963494133 0.0914826498422713 0.08344198174706649
1 0.47082018927444796 0.39308996088657105 0.09779179810725552 0.07170795306388526
0 0.7878548895899053 0.5436766623207301 0.13564668769716087 0.3559322033898305
2 0.5638801261829653 0.485006518904824 0.8722397476340694 0.560625814863103