2 0.4461538461538462 0.4719387755102041 0.6076923076923076 0.8469387755102041
0 0.23384615384615384 0.5110544217687075 0.15692307692307692 0.12585034013605442
0 0.3446153846153846 0.6998299319727891 0.10461538461538461 0.09523809523809523
4 0.44384615384615383 0.06547619047619048 0.09692307692307692 0.04421768707482993
1 0.7661538461538462 0.5178571428571429 0.08461538461538462 0.07312925170068027
1 0.18923076923076923 0.858843537414966 0.07230769230769231 0.07993197278911565
1 0.19076923076923077 0.9260204081632653 0.06615384615384616 0.09183673469387756
1 0.2692307692307692 0.6921768707482994 0.05692307692307692 0.05952380952380952
1 0.24153846153846154 0.6079931972789115 0.06615384615384616 0.0782312925170068
1 0.24076923076923076 0.4710884353741497 0.055384615384615386 0.07993197278911565
1 0.3446153846153846 0.3010204081632653 0.05692307692307692 0.07142857142857142
4 0.7307692307692307 0.17772108843537415 0.04153846153846154 0.10374149659863946
4 0.7307692307692307 0.39880952380952384 0.04153846153846154 0.11564625850340136
4 0.7307692307692307 0.6352040816326531 0.04461538461538461 0.11904761904761904
4 0.6407692307692308 0.06717687074829932 0.055384615384615386 0.04591836734693878
4 0.2823076923076923 0.0663265306122449 0.12153846153846154 0.04421768707482993