2 0.5542153846153847 0.47230442176870746 0.6073538461538461 0.8466496598639456
0 0.7657923076923077 0.510969387755102 0.1562 0.125
0 0.655046153846154 0.6997534013605443 0.10492307692307692 0.09535714285714286
4 0.555976923076923 0.0653656462585034 0.09687692307692307 0.04450680272108844
1 0.23388461538461539 0.5180697278911565 0.0842923076923077 0.07372448979591836
1 0.8107461538461539 0.8588180272108844 0.07296923076923077 0.0792687074829932
1 0.8094923076923078 0.9262755102040816 0.06541538461538463 0.09180272108843537
1 0.7308615384615385 0.6919217687074829 0.05661538461538461 0.059795918367346934
1 0.7585384615384616 0.607780612244898 0.06667692307692308 0.07787414965986394
1 0.7591615384615384 0.47078231292517003 0.055369230769230775 0.07928571428571428
1 0.6553692307692307 0.3010969387755102 0.05661538461538461 0.07093537414965986
4 0.26911538461538465 0.17801020408163265 0.04152307692307692 0.10292517006802722
4 0.26911538461538465 0.39846088435374155 0.04152307692307692 0.11542517006802722
4 0.2691076923076923 0.6355952380952381 0.044030769230769234 0.11962585034013606
4 0.3590692307692308 0.06744047619047619 0.055369230769230775 0.04590136054421769
4 0.7176384615384614 0.06674319727891158 0.12078461538461539 0.04450680272108844