2 0.5253846153846153 0.5595238095238095 0.7661538461538462 0.6717687074829932
0 0.49 0.79421768707483 0.11384615384615385 0.17346938775510204
0 0.3192307692307692 0.6717687074829932 0.08615384615384615 0.11564625850340136
4 0.8930769230769231 0.5620748299319728 0.04 0.10714285714285714
1 0.48384615384615387 0.20578231292517007 0.06615384615384616 0.0935374149659864
1 0.1753846153846154 0.8435374149659864 0.07230769230769231 0.07993197278911565
1 0.11461538461538462 0.8418367346938775 0.08307692307692308 0.07312925170068027
1 0.3261538461538461 0.7551020408163265 0.05384615384615385 0.06292517006802721
1 0.4023076923076923 0.7857142857142857 0.07076923076923076 0.07312925170068027
1 0.5261538461538462 0.7865646258503401 0.07230769230769231 0.061224489795918366
1 0.68 0.6717687074829932 0.06461538461538462 0.06292517006802721
4 0.7915384615384615 0.24489795918367346 0.09384615384615384 0.04591836734693878
4 0.5915384615384616 0.24489795918367346 0.10461538461538461 0.04591836734693878
4 0.3776923076923077 0.24489795918367346 0.1076923076923077 0.04931972789115646
4 0.8915384615384615 0.34438775510204084 0.04153846153846154 0.061224489795918366
4 0.8923076923076924 0.7406462585034014 0.04 0.13435374149659865