4 0.4208705701078582 0.07504608294930876 0.15067796610169493 0.022258064516129033
1 0.16510015408320494 0.8240034562211982 0.08927580893682588 0.05980414746543779
1 0.4813251155624037 0.8003571428571428 0.07069337442218798 0.06258064516129032
1 0.46737288135593225 0.7176036866359446 0.06137134052388289 0.050069124423963135
1 0.4729506933744222 0.5646140552995391 0.0762557781201849 0.05563364055299539
1 0.6106009244992295 0.5367914746543779 0.0688135593220339 0.05563364055299539
1 0.6078120184899846 0.492286866359447 0.06323574730354391 0.052845622119815666
1 0.6375731895223421 0.48672235023041477 0.05952234206471495 0.04450460829493088
1 0.8849768875192604 0.43943548387096776 0.06323574730354391 0.050069124423963135
1 0.6282742681047766 0.3462557603686636 0.08184899845916795 0.05841013824884793
1 0.15765793528505395 0.2502880184331797 0.08184899845916795 0.061198156682027646
4 0.1846302003081664 0.16683755760368663 0.027904468412942987 0.12238479262672812
4 0.18370570107858242 0.38519585253456223 0.033482280431432976 0.11960829493087557
4 0.1855624036979969 0.562528801843318 0.029768875192604006 0.11266129032258065
4 0.18556240369799692 0.7134274193548387 0.026040061633281972 0.06676267281105991
4 0.9119491525423727 0.5249769585253456 0.027904468412942987 0.06536866359447005
4 0.9119491525423729 0.3657200460829493 0.024175654853620953 0.10570276497695852
4 0.9110169491525424 0.16057603686635943 0.029768875192604006 0.10709677419354838
0 0.709391371340524 0.48259792626728115 0.10531587057010786 0.05554147465437788
0 0.3871879815100154 0.7094700460829493 0.10513097072419107 0.11983870967741934
2 0.5466024653312789 0.5258352534562212 0.754899845916795 0.9123617511520736