1 0.9329738058551618 0.7505760368663594 0.08012326656394453 0.06682027649769585
1 0.901386748844376 0.5138248847926268 0.08320493066255778 0.052995391705069124
1 0.7912172573189522 0.5241935483870968 0.0662557781201849 0.04608294930875576
1 0.5862865947611711 0.5201612903225806 0.07395993836671803 0.056451612903225805
1 0.5493066255778121 0.41705069124423966 0.07395993836671803 0.05184331797235023
1 0.4899845916795069 0.41935483870967744 0.07087827426810478 0.04723502304147465
1 0.48228043143297383 0.396889400921659 0.060092449922958396 0.044930875576036866
1 0.41910631741140214 0.2119815668202765 0.0662557781201849 0.04723502304147465
1 0.2942989214175655 0.4043778801843318 0.07858243451463791 0.06105990783410138
1 0.16640986132511557 0.7557603686635944 0.08166409861325115 0.06105990783410138
4 0.06779661016949153 0.7350230414746544 0.13559322033898305 0.020737327188940093
4 0.34668721109399075 0.7367511520737328 0.16024653312788906 0.02534562211981567
4 0.5839753466872111 0.7350230414746544 0.1510015408320493 0.021889400921658985
4 0.785824345146379 0.7350230414746544 0.08936825885978428 0.019585253456221197
4 0.5331278890600925 0.19182027649769584 0.08782742681047766 0.020737327188940093
4 0.3204930662557781 0.19182027649769584 0.14175654853620956 0.018433179723502304
4 0.05855161787365177 0.19182027649769584 0.11710323574730354 0.021889400921658985
0 0.4768875192604006 0.3433179723502304 0.07395993836671803 0.07834101382488479
0 0.7804314329738059 0.5841013824884793 0.16024653312788906 0.07834101382488479
2 0.5 0.46543778801843316 1 0.5645161290322581