1 0.06702619414483821 0.24942396313364054 0.08012326656394453 0.06682027649769585
1 0.09861325115562404 0.4861751152073733 0.08320493066255778 0.052995391705069124
1 0.20878274268104777 0.47580645161290325 0.0662557781201849 0.04608294930875576
1 0.413713405238829 0.4798387096774194 0.07395993836671803 0.056451612903225805
1 0.450693374422188 0.5829493087557603 0.07395993836671803 0.05184331797235023
1 0.5100154083204931 0.5806451612903226 0.07087827426810478 0.04723502304147465
1 0.5177195685670262 0.603110599078341 0.060092449922958396 0.044930875576036866
1 0.5808936825885979 0.7880184331797235 0.0662557781201849 0.04723502304147465
1 0.7057010785824345 0.5956221198156681 0.07858243451463791 0.06105990783410138
1 0.8335901386748844 0.24423963133640553 0.08166409861325115 0.06105990783410138
4 0.9314329738058552 0.2638248847926267 0.13713405238828968 0.020737327188940093
4 0.6533127889060092 0.2632488479262673 0.16024653312788906 0.02534562211981567
4 0.41602465331278893 0.26497695852534564 0.1510015408320493 0.021889400921658985
4 0.21417565485362094 0.26497695852534564 0.08936825885978428 0.019585253456221197
4 0.46687211093990755 0.8081797235023042 0.08782742681047766 0.020737327188940093
4 0.6795069337442219 0.8081797235023042 0.14175654853620956 0.018433179723502304
4 0.940677966101695 0.8070276497695853 0.11864406779661017 0.021889400921658985
0 0.5231124807395994 0.6566820276497696 0.07395993836671803 0.07834101382488479
0 0.21956856702619415 0.41589861751152074 0.16024653312788906 0.07834101382488479
2 0.5 0.5345622119815668 1 0.5645161290322581