2 0.5045871559633027 0.5056338028169014 0.9321100917431193 0.9295774647887324
0 0.5807339449541284 0.8338028169014085 0.1779816513761468 0.23943661971830985
1 0.44403669724770645 0.7380281690140845 0.07706422018348624 0.11830985915492957
1 0.5293577981651376 0.5915492957746479 0.06972477064220184 0.09577464788732394
1 0.6944954128440367 0.5859154929577465 0.06788990825688074 0.09577464788732394
1 0.8899082568807339 0.39154929577464787 0.08073394495412844 0.12112676056338029
1 0.5201834862385321 0.7605633802816901 0.05504587155963303 0.07887323943661972
1 0.8256880733944955 0.39154929577464787 0.08073394495412844 0.11549295774647887
1 0.44587155963302755 0.8380281690140845 0.07339449541284404 0.12112676056338029
1 0.3651376146788991 0.6464788732394366 0.07339449541284404 0.10140845070422536
4 0.043119266055045874 0.6647887323943662 0.02018348623853211 0.19154929577464788
4 0.8568807339449541 0.27323943661971833 0.02018348623853211 0.1352112676056338
4 0.9660550458715597 0.7633802816901408 0.01834862385321101 0.17746478873239438
4 0.044954128440366975 0.3267605633802817 0.022018348623853212 0.15211267605633802
1 0.3678899082568807 0.4056338028169014 0.07889908256880734 0.10422535211267606