2 0.5041743119266056 0.5051971830985915 0.9317247706422018 0.9303943661971832
0 0.5809816513761469 0.8338169014084507 0.1788073394495413 0.23969014084507043
1 0.4438532110091743 0.7378732394366198 0.07790825688073395 0.11822535211267605
1 0.5294678899082569 0.5911549295774647 0.06976146788990827 0.09459154929577464
1 0.6948073394495412 0.5862816901408451 0.06704587155963303 0.09594366197183099
1 0.8895779816513762 0.39156338028169013 0.08154128440366971 0.12098591549295776
1 0.5199541284403669 0.7601408450704226 0.05436697247706422 0.07926760563380282
1 0.8252660550458715 0.39087323943661967 0.08154128440366971 0.1168450704225352
1 0.44566972477064215 0.8380281690140845 0.07247706422018349 0.12101408450704225
1 0.36503669724770643 0.646774647887324 0.07429357798165138 0.10014084507042252
4 0.04297247706422018 0.6648591549295775 0.020844036697247704 0.19191549295774646
4 0.8569724770642202 0.2733380281690141 0.019926605504587153 0.13490140845070422
4 0.966137614678899 0.7636056338028169 0.019027522935779816 0.17802816901408453
4 0.04478899082568807 0.326887323943662 0.022642201834862385 0.15298591549295776
1 0.3682110091743119 0.40616901408450706 0.07880733944954128 0.10292957746478873