2 0.5177111716621253 0.46396396396396394 0.4032697547683924 0.9279279279279279
0 0.6580381471389646 0.2376126126126126 0.06130790190735695 0.1036036036036036
1 0.48092643051771117 0.9876126126126126 0.04087193460490463 0.024774774774774775
4 0.7138964577656676 0.8063063063063063 0.013623978201634877 0.18018018018018017
4 0.715258855585831 0.5202702702702703 0.017711171662125342 0.15315315315315314
4 0.6907356948228883 0.24774774774774774 0.013623978201634877 0.05855855855855856
4 0.7159400544959128 0.06306306306306306 0.01907356948228883 0.12162162162162163
1 0.3024523160762943 0.5304054054054054 0.04223433242506812 0.06981981981981981
1 0.34264305177111715 0.6463963963963963 0.03814713896457766 0.06981981981981981
1 0.3474114441416894 0.7849099099099099 0.03678474114441417 0.07207207207207207
1 0.47479564032697547 0.9403153153153153 0.0340599455040872 0.06756756756756757
1 0.5367847411444142 0.509009009009009 0.035422343324250684 0.07207207207207207
1 0.5722070844686649 0.42454954954954954 0.047683923705722074 0.06756756756756757
1 0.7091280653950953 0.32995495495495497 0.05040871934604905 0.08108108108108109
1 0.603542234332425 0.3310810810810811 0.05449591280653951 0.07657657657657657
1 0.6096730245231607 0.2635135135135135 0.039509536784741145 0.0472972972972973
1 0.5844686648501363 0.01463963963963964 0.04632152588555858 0.02927927927927928
1 0.4775204359673024 0.015765765765765764 0.04495912806539509 0.03153153153153153
4 0.32220708446866486 0.18018018018018017 0.01907356948228883 0.12612612612612611
4 0.32220708446866486 0.30292792792792794 0.01634877384196185 0.14189189189189189
4 0.3194822888283379 0.6058558558558559 0.01634877384196185 0.08783783783783784
4 0.547683923705722 0.9211711711711712 0.035422343324250684 0.02702702702702703
4 0.6171662125340599 0.9234234234234234 0.04223433242506812 0.02702702702702703