2 0.3939577656675749 0.5296171171171171 0.7296321525885558 0.6675225225225225
2 0.8819346049046322 0.3492117117117117 0.13408719346049047 0.3118468468468469
0 0.34134196185286103 0.7615878378378378 0.06314713896457766 0.10051801801801802
1 0.8112534059945503 0.470045045045045 0.0471117166212534 0.06675675675675675
4 0.6850544959128065 0.8532207207207206 0.1093732970027248 0.02364864864864865
4 0.5125817438692098 0.8560022522522522 0.09254768392370573 0.02921171171171171
4 0.3476907356948229 0.8149774774774775 0.03532697547683924 0.022252252252252254
4 0.23579019073569482 0.8573986486486487 0.07403269754768393 0.032004504504504504
4 0.0326158038147139 0.5521058558558558 0.015994550408719346 0.12795045045045045
1 0.5184741144414169 0.17311936936936936 0.0420708446866485 0.07092342342342342
1 0.5883038147138965 0.2398761261261261 0.04205722070844687 0.06259009009009009
1 0.6724318801089918 0.24822072072072074 0.04374659400544959 0.05981981981981982
1 0.7662397820163487 0.458231981981982 0.041226158038147144 0.0570045045045045
1 0.5054359673024523 0.5604617117117117 0.042915531335149866 0.0584009009009009
1 0.4541144414168937 0.6188738738738739 0.041226158038147144 0.07788288288288288
1 0.3973297002724796 0.8455743243243243 0.04880108991825613 0.08344594594594594
1 0.3977452316076294 0.671722972972973 0.046280653950953675 0.08903153153153154
1 0.356941416893733 0.6807657657657658 0.028596730245231607 0.06536036036036036
1 0.1945708446866485 0.640427927927928 0.04205722070844687 0.07648648648648648
1 0.19541553133514986 0.46239864864864866 0.04374659400544959 0.07371621621621621
1 0.1529223433242507 0.5263851351351351 0.046280653950953675 0.06538288288288288
1 0.18447547683923707 0.8247072072072072 0.04205722070844687 0.05842342342342342
1 0.056171662125340596 0.6752027027027028 0.036185286103542234 0.06815315315315315
4 0.12810626702997274 0.20370495495495494 0.0925340599455041 0.02641891891891892
4 0.30646457765667573 0.20579954954954954 0.07570844686648501 0.030608108108108108
4 0.3804972752043596 0.20649774774774773 0.0858174386920981 0.02641891891891892
4 0.5643256130790191 0.20163288288288286 0.05301089918256131 0.027815315315315316
4 0.754884196185286 0.5785360360360361 0.016825613079019072 0.05842342342342342
4 0.7561444141689373 0.6939752252252253 0.015994550408719346 0.06952702702702702