2 0.4822888283378747 0.46396396396396394 0.4032697547683924 0.9279279279279279
0 0.3419618528610354 0.2376126126126126 0.06130790190735695 0.1036036036036036
1 0.5177111716621253 0.9876126126126126 0.04087193460490463 0.024774774774774775
4 0.28610354223433243 0.8063063063063063 0.013623978201634877 0.18018018018018017
4 0.2847411444141689 0.5202702702702703 0.017711171662125342 0.15315315315315314
4 0.30926430517711173 0.24774774774774774 0.013623978201634877 0.05855855855855856
4 0.2840599455040872 0.06306306306306306 0.01907356948228883 0.12162162162162163
1 0.6975476839237057 0.5304054054054054 0.04223433242506812 0.06981981981981981
1 0.6573569482288828 0.6463963963963963 0.03814713896457766 0.06981981981981981
1 0.6525885558583107 0.7849099099099099 0.03678474114441417 0.07207207207207207
1 0.5252043596730245 0.9403153153153153 0.0340599455040872 0.06756756756756757
1 0.46321525885558584 0.509009009009009 0.035422343324250684 0.07207207207207207
1 0.42779291553133514 0.42454954954954954 0.047683923705722074 0.06756756756756757
1 0.2908719346049046 0.32995495495495497 0.05040871934604905 0.08108108108108109
1 0.39645776566757496 0.3310810810810811 0.05449591280653951 0.07657657657657657
1 0.39032697547683926 0.2635135135135135 0.039509536784741145 0.0472972972972973
1 0.4141689373297003 0.01463963963963964 0.04632152588555858 0.02927927927927928
1 0.5224795640326976 0.015765765765765764 0.04495912806539509 0.03153153153153153
4 0.6777929155313351 0.18018018018018017 0.01907356948228883 0.12612612612612611
4 0.6777929155313351 0.30292792792792794 0.01634877384196185 0.14189189189189189
4 0.6805177111716622 0.6058558558558559 0.01634877384196185 0.08783783783783784
4 0.45231607629427795 0.9211711711711712 0.035422343324250684 0.02702702702702703
4 0.38283378746594005 0.9234234234234234 0.04223433242506812 0.02702702702702703