1 0.5939907550077042 0.28237951807228917 0.0362095531587057 0.0677710843373494
4 0.3258859784283513 0.5496987951807228 0.015408320493066256 0.11746987951807229
4 0.6067026194144838 0.7801204819277109 0.053158705701078585 0.0286144578313253
4 0.6795069337442219 0.7793674698795181 0.05238828967642527 0.025602409638554216
4 0.7230354391371341 0.9789156626506024 0.016178736517719568 0.04216867469879518
4 0.6086286594761171 0.24623493975903615 0.05007704160246533 0.0286144578313253
4 0.6779661016949152 0.24322289156626506 0.054699537750385205 0.0286144578313253
4 0.7222650231124808 0.46460843373493976 0.01386748844375963 0.09036144578313253
4 0.6240369799691834 0.7048192771084337 0.04391371340523883 0.03765060240963856
4 0.7014637904468413 0.7048192771084337 0.020801232665639446 0.03162650602409638
4 0.37211093990755006 0.7123493975903614 0.03852080123266564 0.02710843373493976
1 0.3994607087827427 0.6490963855421686 0.030046224961479198 0.058734939759036146
1 0.7349768875192604 0.5760542168674698 0.03775038520801233 0.05120481927710843
1 0.5069337442218799 0.3192771084337349 0.0362095531587057 0.07530120481927711
4 0.7257318952234206 0.6506024096385542 0.016178736517719568 0.09186746987951808
3 0.3008474576271186 0.02710843373493976 0.039291217257318954 0.05421686746987952
3 0.5905238828967643 0.4126506024096386 0.030816640986132512 0.1746987951807229
3 0.5916795069337443 0.9284638554216867 0.032357473035439135 0.1430722891566265
2 0.5231124807395994 0.07605421686746988 0.4036979969183359 0.15210843373493976
2 0.5265793528505393 0.4743975903614458 0.4036979969183359 0.4894578313253012
2 0.5261941448382126 0.884789156626506 0.4036979969183359 0.23042168674698796