1 0.40600924499229585 0.7176204819277109 0.0362095531587057 0.0677710843373494
4 0.6741140215716487 0.4503012048192771 0.015408320493066256 0.11746987951807229
4 0.39329738058551617 0.21987951807228914 0.053158705701078585 0.0286144578313253
4 0.3204930662557781 0.22063253012048192 0.05238828967642527 0.025602409638554216
4 0.27619414483821264 0.02108433734939759 0.016178736517719568 0.04216867469879518
4 0.3913713405238829 0.7537650602409639 0.05007704160246533 0.0286144578313253
4 0.3220338983050847 0.7567771084337349 0.054699537750385205 0.0286144578313253
4 0.27773497688751925 0.5353915662650602 0.01386748844375963 0.09036144578313253
4 0.37596302003081666 0.29518072289156627 0.04391371340523883 0.03765060240963856
4 0.2985362095531587 0.29518072289156627 0.020801232665639446 0.03162650602409638
4 0.6278890600924499 0.2876506024096386 0.03852080123266564 0.02710843373493976
1 0.6005392912172574 0.3509036144578313 0.030046224961479198 0.058734939759036146
1 0.2650231124807396 0.4239457831325301 0.03775038520801233 0.05120481927710843
1 0.4930662557781202 0.6807228915662651 0.0362095531587057 0.07530120481927711
4 0.27426810477657937 0.3493975903614458 0.016178736517719568 0.09186746987951808
3 0.6991525423728814 0.9721385542168675 0.039291217257318954 0.05572289156626506
3 0.4094761171032357 0.5873493975903614 0.030816640986132512 0.1746987951807229
3 0.4083204930662558 0.07078313253012049 0.032357473035439135 0.14156626506024098
2 0.4768875192604006 0.9231927710843374 0.4036979969183359 0.1536144578313253
2 0.4734206471494607 0.5256024096385542 0.4036979969183359 0.4894578313253012
2 0.47380585516178736 0.11521084337349398 0.4036979969183359 0.23042168674698796