1 0.3886363636363636 0.3163855421686747 0.034930662557781204 0.07093373493975903
4 0.5252773497688752 0.8400301204819277 0.060477657935285055 0.030602409638554217
4 0.7988405238828967 0.8379518072289156 0.02703389830508475 0.031987951807228916
4 0.8817295839753467 0.39149096385542165 0.01352080123266564 0.04867469879518072
4 0.8795993836671802 0.25519578313253016 0.01636363636363636 0.08762048192771084
4 0.8525616332819723 0.059088855421686744 0.046248073959938366 0.034774096385542165
4 0.6433859784283513 0.291355421686747 0.014938366718027736 0.10430722891566266
4 0.6430277349768875 0.14879518072289155 0.012804314329738059 0.10292168674698796
4 0.756864406779661 0.06326807228915662 0.04553158705701079 0.031987951807228916
4 0.370173343605547 0.28787650602409637 0.014938366718027736 0.09734939759036144
4 0.36875192604006163 0.15228162650602411 0.014946070878274266 0.10709337349397591
4 0.48187596302003083 0.0653539156626506 0.046248073959938366 0.02781626506024096
4 0.6049653312788906 0.2572816265060241 0.019206471494607087 0.08621987951807229
4 0.6049614791987673 0.10637801204819278 0.01636363636363636 0.040346385542168677
4 0.6085208012326656 0.7496310240963855 0.013513097072419105 0.07510542168674698
4 0.154595531587057 0.5507454819277108 0.019206471494607087 0.04727409638554217
4 0.08237673343605546 0.3184789156626506 0.01849768875192604 0.050060240963855425
4 0.08060092449922959 0.2600677710843374 0.020631741140215716 0.061189759036144584
4 0.08060092449922959 0.1501882530120482 0.019214175654853623 0.11405120481927711
1 0.7967103235747303 0.38036897590361446 0.03272727272727272 0.057033132530120476
1 0.8045338983050848 0.39984186746987954 0.03415254237288135 0.07091867469879519
1 0.8468682588597843 0.315 0.03201078582434515 0.057018072289156625
1 0.8159167950693375 0.03892319277108434 0.03272727272727272 0.06676204819277108
1 0.5761479198767334 0.6967846385542168 0.029876733436055472 0.05841867469879518
1 0.5387942989214176 0.041009036144578306 0.0263251155624037 0.07370481927710842
1 0.4075269645608629 0.48606927710843373 0.038412942989214174 0.07093373493975903
1 0.10870570107858243 0.32265060240963855 0.03984591679506934 0.08066265060240964
1 0.18056240369799692 0.7266867469879518 0.03557781201848999 0.06536144578313252
1 0.18162942989214176 0.6174849397590362 0.0263251155624037 0.05846385542168675
1 0.2196956856702619 0.5013704819277108 0.029884437596302004 0.04867469879518072
1 0.17985362095531587 0.8671536144578312 0.03699537750385208 0.08484939759036145
1 0.12186825885978428 0.4860617469879518 0.03912942989214176 0.09320783132530121
1 0.19977272727272727 0.12028614457831326 0.0313020030816641 0.06259036144578313
4 0.5768605546995378 0.05909638554216868 0.04695685670261942 0.031987951807228916
3 0.16585516178736517 0.3253012048192771 0.08832049306625578 0.05846385542168675
3 0.23469953775038518 0.8894503012048193 0.07579352850539291 0.07748493975903614
3 0.45514637904468414 0.3232680722891566 0.08970724191063174 0.05981927710843373
3 0.7291371340523882 0.3205421686746988 0.09249614791987673 0.06253012048192771
2 0.19923343605546998 0.45444277108433734 0.246864406779661 0.7898192771084338
2 0.48678351309707246 0.44832831325301203 0.250346687211094 0.7884638554216867
2 0.7621687211093991 0.4490060240963856 0.248959938366718 0.7898192771084338