2 0.48687845303867405 0.3054017094017094 0.6622283609576427 0.5463931623931624
2 0.5590791896869245 0.8588803418803419 0.5706077348066297 0.19974358974358974
0 0.32512891344383055 0.3066923076923077 0.08885819521178637 0.07475213675213675
0 0.5542081031307551 0.5122307692307693 0.1332780847145488 0.11984615384615384
4 0.8132044198895028 0.11406837606837605 0.02397790055248619 0.12239316239316238
4 0.16211786372007367 0.42144444444444445 0.019410681399631674 0.1335213675213675
4 0.16365561694290978 0.19543589743589745 0.02248618784530387 0.12656410256410258
1 0.8731491712707182 0.8838974358974357 0.08390423572744016 0.07370940170940171
1 0.8708931860036833 0.8122649572649572 0.08241252302025782 0.0750940170940171
1 0.32099447513812157 0.7427264957264956 0.06143646408839779 0.06398290598290599
1 0.532255985267035 0.7142136752136752 0.09740331491712707 0.10432478632478633
1 0.35244935543278083 0.40823931623931625 0.06441988950276242 0.057025641025641026
1 0.3951565377532229 0.29417948717948716 0.05992633517495396 0.0458974358974359
1 0.2288305709023941 0.3595555555555556 0.05394106813996317 0.05145299145299145
1 0.35095764272559854 0.2336923076923077 0.07642725598526703 0.06119658119658119
1 0.4258747697974217 0.5994700854700855 0.07642725598526703 0.0751111111111111
1 0.35470534069981585 0.11894017094017094 0.059944751381215466 0.048683760683760686
1 0.42662983425414364 0.5264529914529915 0.0749171270718232 0.06815384615384615
1 0.4663351749539595 0.47082051282051285 0.06143646408839779 0.04034188034188035
1 0.6079281767955801 0.48055555555555557 0.06292817679558012 0.048666666666666664
1 0.7547697974217311 0.4277008547008547 0.05992633517495396 0.059811965811965816
4 0.5547421731123389 0.5744358974358975 0.07342541436464088 0.02223931623931624
4 0.8094567219152855 0.37902564102564107 0.025469613259668508 0.1237948717948718
4 0.8147145488029466 0.23020512820512823 0.02397790055248619 0.12656410256410258