2 0.7071823204419889 0.48717948717948717 0.585635359116022 0.6153846153846154
2 0.1132596685082873 0.5547008547008547 0.2154696132596685 0.5299145299145299
0 0.7081031307550645 0.33760683760683763 0.08103130755064457 0.08205128205128205
0 0.4871086556169429 0.5504273504273505 0.1289134438305709 0.12307692307692308
4 0.916206261510129 0.7905982905982906 0.13259668508287292 0.022222222222222223
4 0.5847145488029466 0.18632478632478633 0.143646408839779 0.018803418803418803
4 0.8278084714548803 0.18803418803418803 0.13627992633517497 0.020512820512820513
1 0.0865561694290976 0.8461538461538461 0.07918968692449356 0.07863247863247863
1 0.16390423572744015 0.8444444444444444 0.08103130755064457 0.07692307692307693
1 0.23848987108655617 0.33418803418803417 0.06813996316758748 0.05641025641025641
1 0.26887661141804786 0.5299145299145299 0.11233885819521179 0.0905982905982906
1 0.5985267034990792 0.36324786324786323 0.06077348066298342 0.05982905982905983
1 0.7219152854511971 0.4025641025641026 0.049723756906077346 0.05641025641025641
1 0.651012891344383 0.24871794871794872 0.055248618784530384 0.04957264957264957
1 0.787292817679558 0.36153846153846153 0.06629834254143646 0.07179487179487179
1 0.39318600368324125 0.4307692307692308 0.08103130755064457 0.07179487179487179
1 0.9106813996316758 0.36495726495726494 0.05156537753222836 0.05641025641025641
1 0.4714548802946593 0.43162393162393164 0.07366482504604052 0.07008547008547009
1 0.5313075506445673 0.4683760683760684 0.04419889502762431 0.05641025641025641
1 0.5211786372007366 0.6 0.05156537753222836 0.05811965811965812
1 0.578268876611418 0.7367521367521368 0.06445672191528545 0.05641025641025641
4 0.4198895027624309 0.5504273504273505 0.02394106813996317 0.06837606837606838
4 0.6307550644567219 0.7871794871794872 0.13259668508287292 0.023931623931623933
4 0.7909760589318601 0.7923076923076923 0.13627992633517497 0.022222222222222223