2 0.5128913443830571 0.30512820512820515 0.6629834254143646 0.5470085470085471
2 0.44106813996316757 0.8589743589743589 0.570902394106814 0.2
0 0.6749539594843462 0.30683760683760686 0.08839779005524862 0.07521367521367521
0 0.44567219152854515 0.5119658119658119 0.13259668508287292 0.11965811965811966
4 0.1869244935543278 0.11367521367521367 0.02394106813996317 0.12307692307692308
4 0.8379373848987108 0.42136752136752137 0.020257826887661142 0.13333333333333333
4 0.8360957642725598 0.19572649572649573 0.022099447513812154 0.1264957264957265
1 0.1270718232044199 0.8837606837606837 0.0847145488029466 0.0735042735042735
1 0.1289134438305709 0.811965811965812 0.08287292817679558 0.07521367521367521
1 0.6786372007366482 0.7427350427350428 0.06077348066298342 0.06324786324786325
1 0.4677716390423573 0.7145299145299145 0.09760589318600368 0.10427350427350428
1 0.647329650092081 0.40854700854700854 0.06445672191528545 0.05641025641025641
1 0.6049723756906077 0.294017094017094 0.06077348066298342 0.046153846153846156
1 0.7707182320441989 0.3598290598290598 0.053406998158379376 0.05128205128205128
1 0.649171270718232 0.23333333333333334 0.07734806629834254 0.06153846153846154
1 0.574585635359116 0.5991452991452991 0.07734806629834254 0.07521367521367521
1 0.64548802946593 0.1188034188034188 0.06077348066298342 0.04786324786324787
1 0.5736648250460405 0.5264957264957265 0.07550644567219153 0.06837606837606838
1 0.5340699815837937 0.47094017094017093 0.06077348066298342 0.041025641025641026
1 0.39226519337016574 0.48034188034188036 0.06261510128913444 0.04786324786324787
1 0.24493554327808473 0.42735042735042733 0.06077348066298342 0.05982905982905983
4 0.44567219152854515 0.5743589743589743 0.07366482504604052 0.022222222222222223
4 0.19060773480662985 0.3786324786324786 0.02578268876611418 0.12307692307692308
4 0.1850828729281768 0.2299145299145299 0.02394106813996317 0.1264957264957265