4 0.2605042016806723 0.835 0.14285714285714285 0.012857142857142857
4 0.04201680672268908 0.7428571428571429 0.013071895424836602 0.19142857142857142
4 0.04201680672268908 0.5178571428571429 0.014939309056956116 0.03428571428571429
4 0.04061624649859944 0.42857142857142855 0.01680672268907563 0.13285714285714287
4 0.04108309990662932 0.3078571428571429 0.013071895424836602 0.12714285714285714
4 0.11624649859943978 0.23285714285714285 0.1531279178338002 0.025714285714285714
4 0.26704014939309056 0.23357142857142857 0.15406162464985995 0.025714285714285714
4 0.42623716153127916 0.23214285714285715 0.10364145658263306 0.03
1 0.6741363211951448 0.2757142857142857 0.04295051353874883 0.06
1 0.6405228758169934 0.45571428571428574 0.03734827264239029 0.06
1 0.842203548085901 0.5164285714285715 0.035480859010270774 0.06285714285714286
1 0.8557422969187675 0.5328571428571428 0.04108309990662932 0.05285714285714286
1 0.8375350140056023 0.6321428571428571 0.035480859010270774 0.06571428571428571
1 0.7927170868347339 0.6314285714285715 0.03454715219421102 0.06142857142857143
1 0.861811391223156 0.6521428571428571 0.03081232492997199 0.03857142857142857
1 0.9491129785247432 0.6921428571428572 0.02707749766573296 0.04857142857142857
1 0.6750700280112045 0.5842857142857143 0.0392156862745098 0.047142857142857146
1 0.35714285714285715 0.7685714285714286 0.036414565826330535 0.06
1 0.3566760037348273 0.8542857142857143 0.03361344537815126 0.06428571428571428
1 0.21241830065359477 0.6507142857142857 0.035480859010270774 0.06714285714285714
1 0.16713352007469653 0.6528571428571428 0.03454715219421102 0.054285714285714284
1 0.16106442577030813 0.5992857142857143 0.04201680672268908 0.05285714285714286
1 0.16900093370681607 0.48142857142857143 0.032679738562091505 0.06714285714285714
1 0.3580765639589169 0.21285714285714286 0.036414565826330535 0.05857142857142857
4 0.5971055088702147 0.835 0.13258636788048553 0.024285714285714285
4 0.7357609710550888 0.8335714285714285 0.13352007469654528 0.024285714285714285
4 0.9481792717086834 0.8335714285714285 0.03828197945845005 0.024285714285714285
4 0.5971055088702147 0.2307142857142857 0.11671335200746966 0.022857142857142857
4 0.7334267040149393 0.22785714285714287 0.13725490196078433 0.02
4 0.8860877684407096 0.23 0.15406162464985995 0.015714285714285715
4 0.4332399626517274 0.8335714285714285 0.0915032679738562 0.018571428571428572
4 0.11624649859943978 0.8371428571428572 0.14939309056956115 0.022857142857142857
0 0.9019607843137255 0.6464285714285715 0.056022408963585436 0.06571428571428571
0 0.11064425770308123 0.5657142857142857 0.07376283846872082 0.12857142857142856
2 0.7516339869281046 0.5328571428571428 0.4425770308123249 0.6114285714285714
2 0.26143790849673204 0.5314285714285715 0.4481792717086835 0.6171428571428571
3 0.7931839402427637 0.5364285714285715 0.06442577030812324 0.06857142857142857
3 0.26143790849673204 0.5335714285714286 0.1484593837535014 0.06428571428571428
3 0.4103641456582633 0.8742857142857143 0.047619047619047616 0.07285714285714286