4 0.7394957983193278 0.835 0.14285714285714285 0.012857142857142857
4 0.957983193277311 0.7428571428571429 0.013071895424836602 0.19142857142857142
4 0.957983193277311 0.5178571428571429 0.014939309056956116 0.03428571428571429
4 0.9593837535014006 0.42857142857142855 0.01680672268907563 0.13285714285714287
4 0.9589169000933707 0.3078571428571429 0.013071895424836602 0.12714285714285714
4 0.8837535014005602 0.23285714285714285 0.1531279178338002 0.025714285714285714
4 0.7329598506069094 0.23357142857142857 0.15406162464985995 0.025714285714285714
4 0.5737628384687208 0.23214285714285715 0.10364145658263306 0.03
1 0.3258636788048553 0.2757142857142857 0.04295051353874883 0.06
1 0.35947712418300654 0.45571428571428574 0.03734827264239029 0.06
1 0.15779645191409897 0.5164285714285715 0.035480859010270774 0.06285714285714286
1 0.14425770308123248 0.5328571428571428 0.04108309990662932 0.05285714285714286
1 0.16246498599439776 0.6321428571428571 0.035480859010270774 0.06571428571428571
1 0.20728291316526612 0.6314285714285715 0.03454715219421102 0.06142857142857143
1 0.13818860877684408 0.6521428571428571 0.03081232492997199 0.03857142857142857
1 0.05088702147525677 0.6921428571428572 0.02707749766573296 0.04857142857142857
1 0.32492997198879553 0.5842857142857143 0.0392156862745098 0.047142857142857146
1 0.6428571428571429 0.7685714285714286 0.036414565826330535 0.06
1 0.6433239962651728 0.8542857142857143 0.03361344537815126 0.06428571428571428
1 0.7875816993464052 0.6507142857142857 0.035480859010270774 0.06714285714285714
1 0.8328664799253035 0.6528571428571428 0.03454715219421102 0.054285714285714284
1 0.8389355742296919 0.5992857142857143 0.04201680672268908 0.05285714285714286
1 0.830999066293184 0.48142857142857143 0.032679738562091505 0.06714285714285714
1 0.6419234360410832 0.21285714285714286 0.036414565826330535 0.05857142857142857
4 0.40289449112978526 0.835 0.13258636788048553 0.024285714285714285
4 0.2642390289449113 0.8335714285714285 0.13352007469654528 0.024285714285714285
4 0.05182072829131653 0.8335714285714285 0.03828197945845005 0.024285714285714285
4 0.40289449112978526 0.2307142857142857 0.11671335200746966 0.022857142857142857
4 0.2665732959850607 0.22785714285714287 0.13725490196078433 0.02
4 0.11391223155929038 0.23 0.15406162464985995 0.015714285714285715
4 0.5667600373482726 0.8335714285714285 0.0915032679738562 0.018571428571428572
4 0.8837535014005602 0.8371428571428572 0.14939309056956115 0.022857142857142857
0 0.09803921568627451 0.6464285714285715 0.056022408963585436 0.06571428571428571
0 0.8893557422969187 0.5657142857142857 0.07376283846872082 0.12857142857142856
2 0.24836601307189543 0.5328571428571428 0.4425770308123249 0.6114285714285714
2 0.738562091503268 0.5314285714285715 0.4481792717086835 0.6171428571428571
3 0.20681605975723621 0.5364285714285715 0.06442577030812324 0.06857142857142857
3 0.738562091503268 0.5335714285714286 0.1484593837535014 0.06428571428571428
3 0.5896358543417367 0.8742857142857143 0.047619047619047616 0.07285714285714286