4 0.7394817927170867 0.8351714285714286 0.1427170868347339 0.012514285714285714
4 0.958109243697479 0.7426785714285714 0.012726423902894492 0.19192857142857142
4 0.9581045751633988 0.5180785714285714 0.014547152194211018 0.03472857142857143
4 0.959467787114846 0.42837142857142857 0.01727357609710551 0.13354285714285716
4 0.959014939309057 0.3080428571428571 0.012726423902894492 0.12657142857142856
4 0.8835667600373482 0.23294285714285715 0.1527170868347339 0.02642857142857143
4 0.7331232492997198 0.2336357142857143 0.15362278244631186 0.025042857142857144
4 0.5735854341736695 0.23224285714285717 0.10362278244631186 0.030600000000000002
1 0.32587301587301587 0.2760571428571429 0.04272642390289449 0.0598
1 0.3595098039215686 0.4554714285714285 0.03726423902894491 0.0598
1 0.15770774976657326 0.5166642857142857 0.03545284780578898 0.06258571428571429
1 0.14406629318394024 0.5326642857142857 0.04090569561157797 0.05284285714285714
1 0.1622455648926237 0.6321071428571429 0.03545284780578898 0.06535714285714286
1 0.20724556489262372 0.6314142857142857 0.03454715219421102 0.061200000000000004
1 0.13816059757236226 0.6522714285714285 0.030905695611577966 0.03894285714285715
1 0.05089169000933706 0.6919142857142858 0.02727357609710551 0.048685714285714284
1 0.32496732026143793 0.5841285714285714 0.03908496732026144 0.047285714285714285
1 0.6426750700280113 0.7684071428571428 0.03636788048552755 0.05981428571428571
1 0.6431279178338002 0.8539428571428571 0.03363211951447246 0.06397142857142857
1 0.7876610644257703 0.6508785714285714 0.03545284780578898 0.06675714285714285
1 0.8326610644257703 0.6529642857142857 0.03454715219421102 0.05424285714285714
1 0.8390242763772175 0.5994214285714287 0.04182072829131653 0.05284285714285714
1 0.8308450046685341 0.4812071428571429 0.032726423902894486 0.06675714285714285
1 0.641764705882353 0.21277857142857143 0.03635854341736695 0.05841428571428572
4 0.4026890756302521 0.8351642857142857 0.13271708683473388 0.023642857142857143
4 0.26406162464985994 0.8337785714285714 0.13363211951447246 0.023642857142857143
4 0.05180672268907563 0.8337785714285714 0.038179271708683474 0.023642857142857143
4 0.40268907563025214 0.23085714285714284 0.11635854341736696 0.022257142857142857
4 0.2667927170868348 0.22807857142857144 0.1372642390289449 0.019471428571428574
4 0.11407096171802053 0.23016428571428568 0.15363211951447245 0.015300000000000001
4 0.5668113912231559 0.8337785714285716 0.0919047619047619 0.01807142857142857
4 0.8835667600373484 0.8372571428571427 0.14907563025210083 0.022257142857142857
0 0.09782446311858076 0.6463214285714286 0.056433239962651725 0.06572857142857143
0 0.8891269841269841 0.5657785714285715 0.07412698412698412 0.12887142857142855
2 0.2481652661064426 0.5329142857142858 0.4430345471521942 0.6121142857142857
2 0.7383613445378152 0.5316285714285715 0.4480765639589169 0.6172571428571428
3 0.2068954248366013 0.5367785714285714 0.06400560224089635 0.0683
3 0.7383613445378151 0.5335571428571428 0.14824463118580766 0.06442857142857143
3 0.5897012138188609 0.8744142857142858 0.04801120448179272 0.07345714285714286