0 0.74079754601227 0.5712945590994372 0.17791411042944785 0.10318949343339587
2 0.4723926380368098 0.550656660412758 0.7177914110429447 0.6585365853658537
1 0.6641104294478528 0.7317073170731707 0.12883435582822086 0.08067542213883677
1 0.6947852760736196 0.6360225140712945 0.12576687116564417 0.0900562851782364
1 0.598159509202454 0.2767354596622889 0.13496932515337423 0.0675422138836773
1 0.40950920245398775 0.20168855534709193 0.12883435582822086 0.08630393996247655
4 0.5858895705521472 0.2298311444652908 0.15644171779141106 0.0300187617260788
4 0.7300613496932515 0.22889305816135083 0.1411042944785276 0.0300187617260788
1 0.7039877300613497 0.3771106941838649 0.1165644171779141 0.0825515947467167
4 0.33588957055214724 0.8705440900562852 0.2116564417177914 0.03377110694183865
4 0.2561349693251534 0.2298311444652908 0.15950920245398773 0.028142589118198873
1 0.661042944785276 0.8968105065666041 0.12576687116564417 0.0825515947467167
1 0.5337423312883436 0.6913696060037523 0.13496932515337423 0.09193245778611632