0 0.6165644171779141 0.6472795497185742 0.1687116564417178 0.10881801125703565
2 0.5214723926380368 0.4821763602251407 0.9570552147239264 0.43902439024390244
1 0.8788343558282209 0.600375234521576 0.13190184049079753 0.07879924953095685
1 0.7223926380368099 0.6191369606003753 0.147239263803681 0.07692307692307693
1 0.13496932515337423 0.5600375234521576 0.11042944785276074 0.0825515947467167
1 0.04141104294478527 0.4446529080675422 0.08282208588957055 0.07879924953095685
4 0.05828220858895705 0.5525328330206379 0.049079754601226995 0.09568480300187618
4 0.05674846625766871 0.6407129455909943 0.049079754601226995 0.08630393996247655
1 0.299079754601227 0.624765478424015 0.13496932515337423 0.07129455909943715
4 0.05828220858895705 0.350844277673546 0.046012269938650305 0.0975609756097561
1 0.8128834355828221 0.5206378986866792 0.15030674846625766 0.0825515947467167