0 0.2598159509202454 0.570891181988743 0.17699386503067485 0.10309568480300188
2 0.5274079754601227 0.5509193245778612 0.7163496932515337 0.6584990619136961
1 0.336180981595092 0.7316228893058161 0.12733128834355828 0.08065666041275797
1 0.30547546012269944 0.6363508442776734 0.12506134969325156 0.09041275797373358
1 0.4021165644171779 0.2768292682926829 0.13644171779141104 0.06675422138836773
1 0.5908588957055215 0.20172607879924956 0.12736196319018406 0.08622889305816135
4 0.41461656441717787 0.230234521575985 0.15690184049079753 0.029212007504690433
4 0.2702453987730062 0.22884615384615384 0.14098159509202454 0.029212007504690433
1 0.29638036809815954 0.37696060037523454 0.11595092024539877 0.08345215759849905
4 0.6647546012269939 0.870703564727955 0.2114723926380368 0.033377110694183865
4 0.7432055214723926 0.22954033771106944 0.1591717791411043 0.02782363977485929
1 0.33958588957055214 0.8971294559099438 0.12506134969325156 0.08345215759849905
1 0.4669325153374233 0.6912945590994372 0.1341717791411043 0.09178236397748593