1 0.332398316970547 0.786472148541114 0.06872370266479663 0.13527851458885942
1 0.6044880785413744 0.6246684350132626 0.07012622720897616 0.11140583554376658
4 0.34221598877980364 0.06896551724137931 0.047685834502103785 0.05570291777188329
4 0.4340813464235624 0.07029177718832891 0.12622720897615708 0.0636604774535809
4 0.5308555399719496 0.06896551724137931 0.04908835904628331 0.05305039787798409
4 0.8176718092566619 0.29973474801061006 0.025245441795231416 0.2546419098143236
4 0.033660589060308554 0.34880636604774534 0.02664796633941094 0.1962864721485411
1 0.6865357643758766 0.5092838196286472 0.06591865357643759 0.14588859416445624
1 0.2643758765778401 0.3740053050397878 0.07152875175315568 0.1273209549071618
1 0.3590462833099579 0.6259946949602122 0.06451612903225806 0.10875331564986737
1 0.21598877980364656 0.5954907161803713 0.06872370266479663 0.1246684350132626
1 0.3338008415147265 0.8992042440318302 0.07152875175315568 0.13527851458885942
4 0.03155680224403927 0.5649867374005305 0.028050490883590462 0.19363395225464192
1 0.8415147265077139 0.48408488063660476 0.08134642356241234 0.13262599469496023
1 0.8394109396914446 0.6286472148541115 0.07012622720897616 0.1220159151193634
2 0.42496493688639553 0.4509283819628647 0.8022440392706872 0.8090185676392573
0 0.7237026647966339 0.6830238726790451 0.17251051893408134 0.22546419098143236
0 0.426367461430575 0.6843501326259946 0.0785413744740533 0.22015915119363394