1 0.6676788218793829 0.7858355437665783 0.06913043478260869 0.13628647214854112
1 0.3952103786816269 0.6251856763925729 0.06985974754558205 0.1126525198938992
4 0.6577489481065919 0.06956233421750664 0.04781206171107995 0.05562334217506631
4 0.565820476858345 0.07025198938992042 0.12575035063113604 0.06257294429708223
4 0.46912342215988784 0.06956233421750664 0.048541374474053295 0.05286472148541114
4 0.18231416549789622 0.29974801061007955 0.0249929873772791 0.2545092838196287
4 0.9666199158485275 0.3491114058355438 0.027208976157082745 0.19748010610079578
1 0.3135834502103787 0.5097612732095491 0.06545582047685834 0.1460477453580902
1 0.7353366058906032 0.3741379310344828 0.07207573632538569 0.1279575596816976
1 0.6412061711079944 0.62657824933687 0.0647124824684432 0.10986737400530504
1 0.7838709677419354 0.5952917771883289 0.0691164095371669 0.12517241379310345
1 0.6662061711079944 0.8991777188328913 0.07207573632538569 0.13490716180371354
4 0.9684572230014025 0.5653846153846154 0.027938288920056103 0.19331564986737398
1 0.15877980364656383 0.4840318302387268 0.08089761570827489 0.13352785145888596
1 0.1606241234221599 0.6279840848806366 0.06985974754558205 0.12100795755968169
2 0.5747475455820477 0.4513395225464191 0.8018092566619917 0.810159151193634
0 0.27606591865357644 0.6828249336870027 0.17246844319775595 0.22623342175066313
0 0.5736956521739129 0.6841379310344828 0.07788218793828892 0.22095490716180372