1 0.6514726507713885 0.8169761273209549 0.07152875175315568 0.129973474801061
1 0.5659186535764376 0.30238726790450926 0.05890603085553997 0.13262599469496023
4 0.2720897615708275 0.7984084880636605 0.029453015427769985 0.09018567639257294
4 0.27279102384291726 0.6246684350132626 0.033660589060308554 0.23872679045092837
4 0.2720897615708275 0.4416445623342175 0.028050490883590462 0.09283819628647215
1 0.5049088359046283 0.14721485411140584 0.07713884992987377 0.1246684350132626
1 0.43338008415147267 0.9389920424403183 0.06732117812061711 0.1220159151193634
1 0.5666199158485273 0.76657824933687 0.05750350631136045 0.1220159151193634
1 0.5504908835904628 0.9854111405835544 0.06591865357643759 0.029177718832891247
1 0.7110799438990182 0.8143236074270557 0.07152875175315568 0.13527851458885942
2 0.47335203366058903 0.5 0.4277699859747546 1
0 0.5967741935483871 0.11936339522546419 0.11921458625525946 0.23872679045092837
0 0.5974754558204769 0.6392572944297082 0.11640953716690042 0.14854111405835543