0 0.5954237288135593 0.5837278106508875 0.13567796610169494 0.08504930966469428
2 0.4832838983050847 0.5805128205128205 0.8194491525423728 0.632741617357002
1 0.4940889830508474 0.25099605522682444 0.12546610169491526 0.06814595660749506
1 0.2595338983050847 0.5639250493096647 0.1344915254237288 0.054240631163708086
1 0.3626059322033898 0.6591913214990137 0.11953389830508475 0.05285996055226824
1 0.4836440677966102 0.6007790927021696 0.10457627118644068 0.05284023668639053
1 0.568792372881356 0.6918737672583827 0.1434322033898305 0.05980276134122288
1 0.7346186440677966 0.6835305719921103 0.11652542372881355 0.04867850098619329
1 0.2580296610169492 0.7683826429980276 0.10758474576271186 0.04867850098619329
1 0.45523305084745763 0.8107889546351086 0.13148305084745762 0.06398422090729783
1 0.45523305084745763 0.9123175542406312 0.13148305084745762 0.06676528599605523
4 0.24610169491525424 0.27602564102564103 0.1733050847457627 0.026410256410256412
4 0.6360169491525425 0.27741617357001974 0.17627118644067796 0.03755424063116371
4 0.6569279661016949 0.8886785009861933 0.1941949152542373 0.03337278106508876
4 0.21620762711864408 0.8907593688362918 0.11953389830508475 0.02921104536489152