1 0.24396135265700483 0.4876325088339223 0.1143317230273752 0.04770318021201413
4 0.177938808373591 0.40591872791519434 0.043478260869565216 0.14575971731448764
4 0.2809983896940419 0.5627208480565371 0.04508856682769726 0.0892226148409894
1 0.2222222222222222 0.5207597173144877 0.09178743961352658 0.060954063604240286
1 0.6892109500805152 0.49734982332155475 0.07568438003220612 0.04770318021201413
1 0.7190016103059581 0.5848056537102474 0.07568438003220612 0.04151943462897526
1 0.8172302737520128 0.49381625441696114 0.06280193236714976 0.045936395759717315
1 0.9758454106280193 0.523851590106007 0.04830917874396135 0.05123674911660778
1 0.9605475040257649 0.42579505300353354 0.07890499194847021 0.053003533568904596
1 0.8743961352657005 0.33171378091872794 0.09178743961352658 0.04151943462897526
2 0.5845410628019324 0.4743816254416961 0.8309178743961353 0.3869257950530035
0 0.6610305958132046 0.5887809187279152 0.14814814814814814 0.15459363957597172