1 0.5225442834138486 0.35954063604240283 0.08695652173913043 0.0627208480565371
4 0.6714975845410628 0.32332155477031804 0.26570048309178745 0.023851590106007067
4 0.3856682769726248 0.37985865724381623 0.16264090177133655 0.024734982332155476
4 0.3719806763285024 0.9076855123674912 0.15942028985507245 0.015017667844522967
4 0.7423510466988728 0.9068021201413428 0.15942028985507245 0.024734982332155476
1 0.46215780998389694 0.3476148409893993 0.1111111111111111 0.05035335689045936
1 0.45088566827697263 0.12367491166077739 0.10466988727858294 0.044169611307420496
1 0.5048309178743962 0.6037985865724381 0.08695652173913043 0.04151943462897526
1 0.34541062801932365 0.6201413427561837 0.07568438003220612 0.04151943462897526
1 0.5112721417069244 0.6740282685512368 0.08373590982286634 0.03445229681978799
1 0.4557165861513688 0.7734098939929329 0.09339774557165861 0.05035335689045936
1 0.6344605475040258 0.7557420494699647 0.0966183574879227 0.04858657243816254
1 0.5434782608695652 0.8546819787985865 0.0966183574879227 0.0627208480565371
1 0.5442834138486312 0.9319787985865724 0.10950080515297907 0.060954063604240286
1 0.8067632850241546 0.7049469964664311 0.07568438003220612 0.05035335689045936
2 0.5466988727858293 0.6166077738515902 0.7053140096618358 0.5962897526501767
2 0.30193236714975846 0.11969964664310954 0.2463768115942029 0.2058303886925795
0 0.33816425120772947 0.588339222614841 0.28180354267310787 0.0812720848056537