1 0.4771739130434782 0.35954505300353357 0.08619967793880838 0.06258833922261484
4 0.3288647342995169 0.3233833922261484 0.2661996779388084 0.02363957597173145
4 0.614074074074074 0.3797128975265018 0.16225442834138487 0.02502650176678445
4 0.6280273752012883 0.9075265017667844 0.15972624798711754 0.015300353356890459
4 0.25786634460547503 0.9068374558303887 0.15972624798711754 0.025035335689045937
1 0.5380193236714976 0.3477208480565371 0.11156199677938809 0.050070671378091874
1 0.5494283413848631 0.12379858657243818 0.1039452495974235 0.04450530035335689
1 0.49491948470209335 0.6036351590106007 0.08619967793880838 0.041722614840989394
1 0.654645732689211 0.6203224381625442 0.07605475040257649 0.041722614840989394
1 0.48858293075684384 0.67386925795053 0.08367149758454107 0.03477031802120141
1 0.5443558776167472 0.7733127208480566 0.09380032206119163 0.050070671378091874
1 0.3656199677938808 0.7559275618374558 0.09632850241545894 0.048674911660777385
1 0.45689210950080517 0.8546775618374558 0.09632850241545894 0.06258833922261484
1 0.4556199677938808 0.9318683745583038 0.10901771336553946 0.06119257950530035
1 0.19322866344605474 0.7051678445229682 0.07605475040257649 0.050070671378091874
2 0.4529710144927537 0.6166651943462897 0.7047181964573269 0.5966519434628975
2 0.6984460547504026 0.11988515901060072 0.24665056360708532 0.20618374558303887
0 0.6620370370370371 0.5883127208480565 0.2818840579710145 0.08118374558303887