0 0.711453744493392 0.6984375 0.09911894273127753 0.215625
2 0.5859030837004405 0.4703125 0.7599118942731278 0.7125
4 0.960352422907489 0.303125 0.02643171806167401 0.2
4 0.9592511013215859 0.64375 0.022026431718061675 0.203125
1 0.18502202643171806 0.390625 0.07709251101321586 0.09375
1 0.24008810572687225 0.3921875 0.06607929515418502 0.09375
1 0.6112334801762115 0.3796875 0.05286343612334802 0.08125
1 0.6806167400881057 0.4109375 0.07268722466960352 0.0875
1 0.6376651982378855 0.6984375 0.06607929515418502 0.078125
1 0.6200440528634361 0.7796875 0.06387665198237885 0.09375
1 0.6200440528634361 0.8609375 0.07048458149779736 0.1