0 0.7116629955947136 0.6978125000000001 0.09808370044052864 0.2151875
2 0.5863105726872246 0.47035937499999997 0.7593612334801763 0.7113437499999999
4 0.9602533039647577 0.30256249999999996 0.02645374449339207 0.198875
4 0.9597687224669602 0.6433125000000001 0.021563876651982377 0.2044375
1 0.1848237885462555 0.3901875 0.07744493392070484 0.0931875
1 0.2402092511013216 0.392265625 0.06667400881057269 0.09459375
1 0.6112555066079295 0.37906249999999997 0.05392070484581498 0.08206250000000001
1 0.6808590308370044 0.41034375 0.07352422907488987 0.089
1 0.6372356828193833 0.69825 0.06667400881057269 0.077875
1 0.6200770925110132 0.780296875 0.06372246696035243 0.09459375
1 0.6205726872246696 0.860265625 0.0705726872246696 0.10153125