4 0.06947407407407406 0.7079102384291726 0.04114074074074074 0.10014025245441796
4 0.7482074074074073 0.2120827489481066 0.12634074074074075 0.051458625525946704
4 0.49044444444444435 0.20860448807854134 0.1162074074074074 0.058415147265077134
1 0.7908148148148147 0.8087447405329595 0.1087111111111111 0.10152875175315568
1 0.6160592592592592 0.6001262272089761 0.08506666666666667 0.11265077138849929
1 0.7695851851851853 0.48746844319775595 0.0927111111111111 0.09875175315568022
1 0.7974962962962963 0.896374474053296 0.11884444444444445 0.11544179523141655
4 0.2061037037037037 0.2113955119214586 0.2174222222222222 0.058415147265077134
1 0.3046074074074074 0.6648036465638149 0.10269629629629629 0.0917952314165498
1 0.37291851851851854 0.16758064516129031 0.09534814814814815 0.10708274894810658
2 0.4713777777777778 0.5264165497896213 0.8466666666666667 0.6791164095371669
0 0.6292814814814814 0.7442005610098177 0.15518518518518518 0.20747545582047686