4 0.28074074074074074 0.9074333800841514 0.10518518518518519 0.03927068723702665
4 0.8044444444444444 0.2650771388499299 0.054814814814814816 0.11921458625525946
4 0.8081481481481482 0.5091164095371669 0.06222222222222222 0.1093969144460028
1 0.17407407407407408 0.2244039270687237 0.10666666666666667 0.10238429172510519
1 0.3940740740740741 0.3899018232819074 0.11851851851851852 0.07994389901823282
1 0.5133333333333333 0.2447405329593268 0.1037037037037037 0.08835904628330996
1 0.08148148148148149 0.21809256661991586 0.12148148148148148 0.11220196353436185
4 0.8051851851851852 0.7784011220196353 0.06222222222222222 0.2061711079943899
1 0.32592592592592595 0.685133239831697 0.0962962962962963 0.0967741935483871
1 0.8511111111111112 0.620617110799439 0.11259259259259259 0.08976157082748948
2 0.47185185185185186 0.5273492286115007 0.717037037037037 0.8022440392706872
0 0.24222222222222223 0.37727910238429174 0.21925925925925926 0.14726507713884993