1 0.13768115942028986 0.6874062968515742 0.08152173913043478 0.07796101949025487
1 0.1539855072463768 0.8553223388305847 0.1105072463768116 0.09745127436281859
1 0.4447463768115942 0.7623688155922039 0.1213768115942029 0.08095952023988005
1 0.3061594202898551 0.7893553223388305 0.08876811594202899 0.0704647676161919
1 0.36141304347826086 0.5487256371814093 0.12681159420289856 0.08995502248875563
1 0.8115942028985508 0.34182908545727136 0.1286231884057971 0.09745127436281859
1 0.7128623188405797 0.34182908545727136 0.11594202898550725 0.09145427286356822
4 0.8496376811594203 0.8058470764617691 0.030797101449275364 0.20689655172413793
4 0.7590579710144928 0.5314842578710645 0.030797101449275364 0.1424287856071964
4 0.7581521739130435 0.1724137931034483 0.03804347826086957 0.2593703148425787
1 0.151268115942029 0.7788605697151424 0.11231884057971014 0.10044977511244378
0 0.11594202898550725 0.5509745127436282 0.14130434782608695 0.22488755622188905
2 0.4438405797101449 0.4962518740629685 0.8369565217391305 0.9430284857571214