1 0.27355072463768115 0.7998500749625187 0.09420289855072464 0.06746626686656672
1 0.07065217391304347 0.7863568215892054 0.11775362318840579 0.09145427286356822
1 0.18297101449275363 0.545727136431784 0.09782608695652174 0.10044977511244378
1 0.1503623188405797 0.6604197901049476 0.08514492753623189 0.0734632683658171
1 0.4411231884057971 0.6146926536731634 0.10869565217391304 0.10494752623688156
1 0.6911231884057971 0.24212893553223389 0.11775362318840579 0.10644677661169415
1 0.6911231884057971 0.3238380809595202 0.1105072463768116 0.095952023988006
4 0.13043478260869565 0.21064467766116943 0.25 0.025487256371814093
4 0.46195652173913043 0.2856071964017991 0.1721014492753623 0.025487256371814093
4 0.8695652173913043 0.2856071964017991 0.2608695652173913 0.031484257871064465
1 0.16304347826086957 0.7886056971514243 0.1213768115942029 0.09295352323838081
0 0.4384057971014493 0.8178410794602698 0.2717391304347826 0.11694152923538231
2 0.5 0.545727136431784 1 0.6926536731634183