1 0.13784420289855073 0.6870989505247377 0.08235507246376812 0.07788605697151425
1 0.15380434782608696 0.8553823088455773 0.11090579710144928 0.09736131934032984
1 0.4445471014492754 0.7621964017991004 0.12101449275362318 0.08067466266866567
1 0.3058967391304348 0.7893178410794603 0.08907608695652174 0.07092953523238381
1 0.36135869565217393 0.5487106446776611 0.12605072463768116 0.09040479760119939
1 0.8117481884057972 0.3421739130434783 0.12940217391304348 0.09736131934032984
1 0.7125996376811594 0.34216641679160426 0.11596014492753624 0.09179910044977511
4 0.8495652173913044 0.8060119940029985 0.030253623188405795 0.2072263868065967
4 0.7588134057971014 0.5313193403298351 0.030235507246376813 0.14185907046476762
4 0.7579710144927537 0.17249625187406298 0.03865942028985507 0.25869565217391305
1 0.15128623188405796 0.7788830584707646 0.1126086956521739 0.10013493253373314
0 0.11623188405797101 0.55095952023988 0.14170289855072463 0.2255172413793103
2 0.4440126811594203 0.496191904047976 0.8377355072463768 0.9432983508245877