0 0.5041171171171172 0.36084775086505194 0.0764864864864865 0.06444059976931948
0 0.49707207207207205 0.8428085351787773 0.07446846846846847 0.06444059976931948
2 0.5000900900900901 0.2706459054209919 0.8294054054054054 0.4226758938869665
2 0.49505405405405406 0.7448731257208766 0.8314054054054054 0.417520184544406
3 0.5584684684684685 0.25067474048442906 0.17715315315315314 0.07087658592848904
3 0.5504234234234234 0.7332698961937716 0.18117117117117115 0.0695847750865052
1 0.48802702702702694 0.3178258362168397 0.04127927927927928 0.0292156862745098
1 0.19145945945945947 0.7976585928489042 0.052144144144144144 0.02920415224913495
1 0.3076936936936937 0.7990484429065744 0.05866666666666667 0.0319838523644752
1 0.42392792792792794 0.7976585928489043 0.056504504504504505 0.031995386389850056
1 0.48150450450450455 0.7976585928489043 0.045639639639639636 0.031995386389850056
1 0.6422792792792792 0.7969665513264129 0.054324324324324325 0.033379469434832755
1 0.7183333333333334 0.7934832756632064 0.054324324324324325 0.02920415224913495
1 0.7031171171171171 0.6891753171856979 0.04562162162162162 0.03477508650519031
1 0.6390270270270271 0.6856978085351788 0.04345945945945946 0.030588235294117645
1 0.4098108108108108 0.6043367935409458 0.054324324324324325 0.03755478662053057
1 0.1403963963963964 0.4916782006920415 0.0717117117117117 0.054244521337946945
1 0.21427027027027026 0.49446366782006923 0.0803963963963964 0.05702422145328719
1 0.40437837837837837 0.4054498269896194 0.04345945945945946 0.0319838523644752
1 0.44564864864864867 0.3950173010380623 0.026072072072072072 0.02502883506343714
1 0.4445675675675676 0.3477277970011534 0.028234234234234233 0.019469434832756632
1 0.4174054054054054 0.12311418685121106 0.060828828828828826 0.03755478662053057
1 0.8258828828828829 0.19334486735870818 0.05648648648648649 0.038938869665513264
1 0.7194144144144144 0.3108765859284891 0.05648648648648649 0.02920415224913495
1 0.7552612612612613 0.3477277970011534 0.04562162162162162 0.038938869665513264
1 0.5999189189189189 0.31921568627450986 0.0478018018018018 0.02920415224913495
1 0.40437837837837837 0.35885236447520186 0.052144144144144144 0.03615916955017301
4 0.4652072072072072 0.4360438292964244 0.030414414414414413 0.07649365628604382
4 0.32833333333333337 0.6189388696655133 0.12167567567567568 0.013910034602076125
4 0.2218738738738739 0.6175490196078433 0.11297297297297298 0.019480968858131487
4 0.9040990990990991 0.720472895040369 0.026072072072072072 0.05284890426758939
4 0.8345675675675676 0.5452249134948096 0.12167567567567568 0.019469434832756632
4 0.7291891891891892 0.5452249134948096 0.12385585585585585 0.019469434832756632
4 0.6194684684684685 0.5459227220299885 0.10863063063063062 0.015305651672433678
4 0.5140990990990991 0.5466147635524797 0.11515315315315315 0.022249134948096886
4 0.6031711711711711 0.39640715109573244 0.11081081081081082 0.022249134948096886
4 0.8117567567567567 0.3971049596309112 0.13252252252252253 0.015294117647058823
4 0.9073513513513514 0.23854671280276815 0.036936936936936934 0.05702422145328719
4 0.8486846846846846 0.0653921568627451 0.13254054054054054 0.016689734717416378
4 0.737882882882883 0.0653921568627451 0.11951351351351351 0.016689734717416378
4 0.6335945945945946 0.06260668973471742 0.11515315315315315 0.019469434832756632
4 0.527135135135135 0.061914648212226066 0.11949549549549549 0.020853517877739328
4 0.3413693693693694 0.13701845444059976 0.126018018018018 0.018073817762399077
4 0.23164864864864865 0.13632064590542098 0.11515315315315315 0.019469434832756632
1 0.1881981981981982 0.8824971164936563 0.04562162162162162 0.0319838523644752