0 0.5045045045045045 0.36101499423298733 0.07567567567567568 0.06459054209919261
0 0.4972972972972973 0.842560553633218 0.07387387387387387 0.06459054209919261
2 0.5 0.2704728950403691 0.8288288288288288 0.42214532871972316
2 0.4954954954954955 0.7450980392156863 0.8306306306306306 0.41753171856978083
3 0.5585585585585585 0.2508650519031142 0.17657657657657658 0.07035755478662054
3 0.5504504504504505 0.7329873125720877 0.18198198198198198 0.06920415224913495
1 0.4882882882882883 0.317762399077278 0.04144144144144144 0.02883506343713956
1 0.1918918918918919 0.7975778546712803 0.05225225225225225 0.02883506343713956
1 0.3081081081081081 0.7993079584775087 0.05945945945945946 0.03229527104959631
1 0.4243243243243243 0.7975778546712803 0.055855855855855854 0.03229527104959631
1 0.4810810810810811 0.7975778546712803 0.04504504504504504 0.03229527104959631
1 0.6423423423423423 0.7970011534025375 0.05405405405405406 0.03344867358708189
1 0.718018018018018 0.7935409457900807 0.05405405405405406 0.02883506343713956
1 0.7027027027027027 0.6891580161476355 0.04504504504504504 0.03460207612456748
1 0.6387387387387388 0.6856978085351788 0.043243243243243246 0.031141868512110725
1 0.4099099099099099 0.6043829296424452 0.05405405405405406 0.03806228373702422
1 0.14054054054054055 0.49192618223760093 0.07207207207207207 0.05420991926182238
1 0.21441441441441442 0.4942329873125721 0.08108108108108109 0.05651672433679354
1 0.4045045045045045 0.40542099192618225 0.043243243243243246 0.03229527104959631
1 0.44594594594594594 0.395040369088812 0.025225225225225224 0.025374855824682813
1 0.44414414414414416 0.3477508650519031 0.02882882882882883 0.0196078431372549
1 0.41711711711711713 0.12283737024221453 0.06126126126126126 0.03806228373702422
1 0.8261261261261261 0.19319492502883506 0.055855855855855854 0.0392156862745098
1 0.7198198198198198 0.3108419838523645 0.055855855855855854 0.02883506343713956
1 0.7549549549549549 0.3477508650519031 0.04504504504504504 0.0392156862745098
1 0.6 0.31949250288350634 0.04864864864864865 0.02883506343713956
1 0.4045045045045045 0.35870818915801617 0.05225225225225225 0.03575547866205306
4 0.4648648648648649 0.4359861591695502 0.03063063063063063 0.07612456747404844
4 0.3279279279279279 0.618800461361015 0.12252252252252252 0.01384083044982699
4 0.22162162162162163 0.6176470588235294 0.11351351351351352 0.0196078431372549
4 0.9045045045045045 0.7202998846597463 0.025225225225225224 0.0530565167243368
4 0.8342342342342343 0.5449826989619377 0.12252252252252252 0.0196078431372549
4 0.7288288288288288 0.5449826989619377 0.12432432432432433 0.0196078431372549
4 0.6198198198198198 0.5461361014994233 0.10810810810810811 0.014994232987312572
4 0.5144144144144144 0.5467128027681661 0.11531531531531532 0.02191464821222607
4 0.6036036036036037 0.3961937716262976 0.11171171171171171 0.02191464821222607
4 0.8117117117117117 0.3973471741637832 0.13333333333333333 0.014994232987312572
4 0.9072072072072072 0.23875432525951557 0.036036036036036036 0.05651672433679354
4 0.8486486486486486 0.0651672433679354 0.13333333333333333 0.016147635524798153
4 0.7378378378378379 0.0651672433679354 0.11891891891891893 0.016147635524798153
4 0.6333333333333333 0.06286043829296424 0.11531531531531532 0.0196078431372549
4 0.527027027027027 0.06170703575547866 0.11891891891891893 0.020761245674740483
4 0.34144144144144145 0.13725490196078433 0.12612612612612611 0.01845444059976932
4 0.23153153153153153 0.13610149942329874 0.11531531531531532 0.0196078431372549
1 0.18828828828828828 0.8823529411764706 0.04504504504504504 0.03229527104959631