4 0.1505441354292624 0.29314420803782504 0.022974607013301087 0.3617021276595745
4 0.9310761789600968 0.2765957446808511 0.02176541717049577 0.19858156028368795
4 0.9328899637243047 0.6359338061465721 0.022974607013301087 0.19148936170212766
1 0.4709794437726723 0.5401891252955082 0.07496977025392987 0.12293144208037825
1 0.17714631197097944 0.5177304964539007 0.06287787182587666 0.10401891252955082
1 0.12998790810157196 0.5200945626477541 0.06287787182587666 0.10874704491725769
1 0.6148730350665055 0.5047281323877069 0.05199516324062878 0.10874704491725769
1 0.662031438935913 0.2115839243498818 0.045949214026602174 0.08037825059101655
1 0.6765417170495768 0.4078014184397163 0.0592503022974607 0.12529550827423167
1 0.7357920193470375 0.5283687943262412 0.06287787182587666 0.1111111111111111
1 0.6475211608222491 0.7730496453900709 0.06166868198307134 0.12529550827423167
1 0.6499395405078597 0.8829787234042553 0.05562273276904474 0.13238770685579196
0 0.5701330108827086 0.35815602836879434 0.1414752116082225 0.1938534278959811
2 0.5423216444981862 0.46808510638297873 0.8029020556227328 0.7612293144208038