4 0.15038694074969772 0.2934633569739952 0.023482466747279326 0.36163120567375884
4 0.9307738814993954 0.2760874704491726 0.022055622732769044 0.19888888888888887
4 0.9329141475211608 0.6363002364066195 0.023482466747279326 0.19052009456264776
1 0.47122128174123334 0.5403309692671395 0.0747037484885127 0.12378250591016549
1 0.1770677146311971 0.517387706855792 0.06259975816203145 0.10290780141843972
1 0.12975816203143895 0.5201654846335697 0.06331318016928658 0.10846335697399528
1 0.6149214026602177 0.5048581560283688 0.05192261185006046 0.10848699763593381
1 0.6622309552599759 0.21210401891252956 0.04552599758162031 0.07929078014184397
1 0.6768137847642078 0.40750591016548465 0.05904474002418379 0.12517730496453902
1 0.7358645707376057 0.5285106382978724 0.06331318016928658 0.11125295508274233
1 0.647291414752116 0.7732978723404256 0.06118500604594922 0.12517730496453902
1 0.6497823458282951 0.8824704491725768 0.05620314389359129 0.1321276595744681
0 0.5702539298669891 0.35803782505910164 0.14195888754534464 0.19456264775413712
2 0.5420798065296252 0.46796690307328603 0.8031438935912939 0.7600472813238771