0 0.5570114942528736 0.5296424702058505 0.09342911877394637 0.09020585048754064
0 0.5370737547892721 0.24291982665222103 0.04899425287356322 0.09149512459371614
0 0.5997365900383141 0.1449783315276273 0.17659961685823755 0.0966522210184182
2 0.47498084291187737 0.4632827735644637 0.8089080459770115 0.7461321776814734
1 0.12252394636015326 0.3588894907908992 0.04181034482758621 0.05563380281690141
1 0.6272892720306513 0.5612567713976164 0.03319923371647509 0.04589382448537378
1 0.6647892720306514 0.5640411700975081 0.04180076628352491 0.043120260021668466
1 0.7182806513409962 0.6120260021668472 0.055335249042145596 0.05007583965330444
1 0.583022030651341 0.6008938244853738 0.055335249042145596 0.06397616468039002
1 0.6531082375478927 0.6773943661971831 0.05041187739463602 0.06120260021668473
1 0.4637452107279693 0.6773943661971831 0.04549808429118774 0.06120260021668473
1 0.338941570881226 0.8588949079089924 0.05656130268199233 0.06537378114842904
1 0.8314080459770115 0.3282990249187432 0.052873563218390804 0.05841820151679307
4 0.28913793103448276 0.3783640303358613 0.07747126436781608 0.016684723726977248
4 0.35799808429118773 0.3769772481040087 0.075 0.022253521126760562
4 0.4250143678160919 0.3783640303358613 0.07378352490421455 0.022253521126760562
4 0.8713649425287356 0.4479035752979415 0.01721264367816092 0.07231852654387866
4 0.872595785440613 0.5070151679306608 0.022126436781609197 0.06815817984832069
4 0.8707519157088122 0.632887323943662 0.020909961685823753 0.05006500541711809
4 0.7889846743295019 0.8324702058504876 0.07377394636015325 0.02086673889490791
4 0.6500335249042145 0.8331635969664138 0.04426245210727969 0.025027085590465875
4 0.5000191570881226 0.8331635969664138 0.07869731800766283 0.022253521126760562
4 0.18462164750957855 0.8338624052004333 0.0750095785440613 0.018082340195016252
4 0.07825670498084292 0.7079902491874324 0.019674329501915708 0.0528602383531961
4 0.07887452107279694 0.5424810400866739 0.018438697318007662 0.06676056338028169
4 0.07764367816091955 0.48963163596966414 0.020900383141762454 0.06119176598049837
1 0.1643295019157088 0.36028710725893826 0.046724137931034485 0.05563380281690141
1 0.488338122605364 0.3345503791982665 0.05778735632183908 0.05980498374864572
1 0.6758572796934866 0.19894907908992415 0.051637931034482755 0.05284940411700975
1 0.5910153256704981 0.41452871072589376 0.05409961685823755 0.05841820151679307