0 0.4736590038314176 0.4355362946912243 0.07950191570881227 0.10617551462621885
0 0.7274904214559387 0.4582881906825569 0.08045977011494253 0.0552546045503792
0 0.8136973180076629 0.3873239436619718 0.08524904214559387 0.19934994582881907
2 0.5325670498084292 0.528169014084507 0.6599616858237548 0.914409534127844
1 0.6245210727969349 0.9268689057421452 0.04885057471264368 0.047670639219934995
1 0.44588122605363983 0.35590465872156013 0.040229885057471264 0.03791982665222102
1 0.4434865900383142 0.31365113759479957 0.038314176245210725 0.047670639219934995
1 0.40086206896551724 0.25297941495124593 0.044061302681992334 0.0628385698808234
1 0.4109195402298851 0.40628385698808234 0.05651340996168582 0.0628385698808234
1 0.34339080459770116 0.3266522210184182 0.05363984674329502 0.05742145178764897
1 0.34339080459770116 0.5411700975081257 0.05363984674329502 0.05200433369447454
1 0.1824712643678161 0.6820151679306609 0.05747126436781609 0.06392199349945829
1 0.6518199233716475 0.12513542795232935 0.05172413793103448 0.059588299024918745
4 0.6077586206896551 0.738353196099675 0.014367816091954023 0.08775731310942579
4 0.6087164750957854 0.6608884073672806 0.020114942528735632 0.08450704225352113
4 0.6077586206896551 0.5850487540628385 0.020114942528735632 0.08342361863488625
4 0.5459770114942529 0.08017334777898158 0.06417624521072797 0.01950162513542795
4 0.49377394636015326 0.07854821235102925 0.0603448275862069 0.024918743228602384
4 0.38266283524904215 0.08071505958829903 0.044061302681992334 0.023835319609967497
4 0.20593869731800765 0.1733477789815818 0.018199233716475097 0.08342361863488625
4 0.20545977011494254 0.3304442036836403 0.022030651340996167 0.04983748645720477
4 0.20545977011494254 0.5 0.020114942528735632 0.08884073672806067
4 0.2049808429118774 0.856988082340195 0.016283524904214558 0.08450704225352113
4 0.3160919540229885 0.9772481040086674 0.04693486590038314 0.02275189599133261
4 0.46264367816091956 0.9761646803900325 0.05938697318007663 0.020585048754062838
4 0.5090996168582376 0.9777898158179849 0.05363984674329502 0.023835319609967497
1 0.6235632183908046 0.8797399783315276 0.04885057471264368 0.05308775731310943
1 0.6460727969348659 0.5130010834236186 0.05268199233716475 0.06500541711809317
1 0.7662835249042146 0.30119176598049835 0.04693486590038314 0.05850487540628386
1 0.5756704980842912 0.3970747562296858 0.05172413793103448 0.06067172264355363