2 0.504930966469428 0.5030737704918032 0.9684418145956607 0.6639344262295082
0 0.40433925049309666 0.5020491803278688 0.11045364891518737 0.09221311475409837
0 0.6232741617357002 0.6157786885245902 0.126232741617357 0.13319672131147542
1 0.6055226824457594 0.1557377049180328 0.0650887573964497 0.06967213114754098
1 0.5216962524654832 0.22745901639344263 0.07692307692307693 0.07581967213114754
1 0.3165680473372781 0.5133196721311475 0.07495069033530571 0.06967213114754098
1 0.5956607495069034 0.5215163934426229 0.06903353057199212 0.07991803278688525
1 0.5927021696252466 0.6526639344262295 0.0631163708086785 0.08196721311475409
1 0.4891518737672584 0.5758196721311475 0.05719921104536489 0.05942622950819672
1 0.3757396449704142 0.5911885245901639 0.07297830374753451 0.0778688524590164
1 0.1932938856015779 0.6147540983606558 0.07495069033530571 0.07172131147540983
1 0.2603550295857988 0.8565573770491803 0.07495069033530571 0.07172131147540983
4 0.131163708086785 0.1834016393442623 0.11637080867850098 0.03278688524590164
4 0.23865877712031558 0.18442622950819673 0.10650887573964497 0.03278688524590164
4 0.36587771203155817 0.1834016393442623 0.11045364891518737 0.030737704918032786
4 0.8323471400394478 0.1834016393442623 0.07297830374753451 0.03278688524590164
4 0.6094674556213018 0.819672131147541 0.05128205128205128 0.036885245901639344
4 0.4388560157790927 0.8206967213114754 0.11637080867850098 0.030737704918032786
4 0.14694280078895464 0.8278688524590164 0.09270216962524655 0.045081967213114756
4 0.03155818540433925 0.4487704918032787 0.04339250493096647 0.0389344262295082
4 0.03451676528599606 0.5993852459016393 0.03944773175542406 0.040983606557377046
1 0.45956607495069035 0.1567622950819672 0.0650887573964497 0.08196721311475409
1 0.757396449704142 0.3862704918032787 0.07100591715976332 0.07377049180327869