2 0.5050098619329387 0.5032786885245902 0.9674950690335306 0.6636475409836066
0 0.4039151873767259 0.5019877049180328 0.11039447731755424 0.09147540983606557
0 0.6234615384615384 0.6160348360655737 0.1252662721893491 0.13403688524590163
1 0.6057199211045365 0.1557377049180328 0.0642603550295858 0.06954918032786885
1 0.5220611439842209 0.22736680327868855 0.07631163708086784 0.07649590163934426
1 0.3165680473372781 0.5131762295081967 0.07495069033530571 0.06954918032786885
1 0.5956903353057199 0.5215266393442622 0.06826429980276134 0.08067622950819672
1 0.5930078895463511 0.6529508196721311 0.06289940828402367 0.08204918032786886
1 0.4892603550295858 0.5757684426229509 0.056232741617357 0.05842213114754099
1 0.3761439842209073 0.5910553278688525 0.073629191321499 0.07788934426229507
1 0.1934023668639053 0.614702868852459 0.07497041420118343 0.0723155737704918
1 0.26034516765286 0.8567110655737704 0.07497041420118343 0.0723155737704918
4 0.13115384615384618 0.18355532786885245 0.11646942800788954 0.033381147540983605
4 0.23892504930966468 0.18425204918032786 0.10708086785009861 0.03198770491803279
4 0.36543392504930966 0.18355532786885245 0.11110453648915188 0.030594262295081966
4 0.8319625246548323 0.18355532786885245 0.07228796844181459 0.033381147540983605
4 0.6097435897435897 0.8198463114754099 0.05088757396449704 0.037561475409836065
4 0.4390631163708087 0.8205430327868851 0.11646942800788954 0.030594262295081966
4 0.14722879684418144 0.8275 0.09236686390532545 0.044508196721311476
4 0.03142011834319527 0.44920081967213116 0.04284023668639053 0.0389344262295082
4 0.03477317554240631 0.599405737704918 0.038816568047337276 0.041721311475409834
1 0.4591321499013807 0.1564344262295082 0.06560157790927021 0.08204918032786886
1 0.7576627218934912 0.38591188524590164 0.07094674556213018 0.07370901639344261