2 0.4970414201183432 0.5010245901639344 0.6390532544378699 0.9979508196721312
0 0.4980276134122288 0.40061475409836067 0.08875739644970414 0.11475409836065574
0 0.388560157790927 0.6280737704918032 0.1282051282051282 0.13114754098360656
1 0.8313609467455622 0.6096311475409836 0.0670611439842209 0.06762295081967214
1 0.76232741617357 0.5225409836065574 0.07297830374753451 0.07991803278688525
1 0.48717948717948717 0.3094262295081967 0.0670611439842209 0.0778688524590164
1 0.47928994082840237 0.5993852459016393 0.07692307692307693 0.07172131147540983
1 0.3530571992110454 0.5963114754098361 0.07889546351084813 0.06557377049180328
1 0.4270216962524655 0.4887295081967213 0.05719921104536489 0.05942622950819672
1 0.41222879684418146 0.3709016393442623 0.07495069033530571 0.07581967213114754
1 0.3895463510848126 0.18135245901639344 0.06903353057199212 0.0778688524590164
1 0.15680473372781065 0.2510245901639344 0.06903353057199212 0.0778688524590164
4 0.8047337278106509 0.1168032786885246 0.03155818540433925 0.12090163934426229
4 0.8037475345167653 0.22848360655737704 0.03155818540433925 0.11065573770491803
4 0.8047337278106509 0.36065573770491804 0.029585798816568046 0.11475409836065574
4 0.8047337278106509 0.8452868852459017 0.03155818540433925 0.07581967213114754
4 0.19230769230769232 0.6137295081967213 0.03550295857988166 0.05327868852459016
4 0.1913214990138067 0.4364754098360656 0.029585798816568046 0.12090163934426229
4 0.1844181459566075 0.13319672131147542 0.04339250493096647 0.09631147540983606
4 0.5493096646942801 0.017418032786885244 0.03747534516765286 0.03483606557377049
4 0.40433925049309666 0.018442622950819672 0.03944773175542406 0.036885245901639344
1 0.8303747534516766 0.45799180327868855 0.07889546351084813 0.06762295081967214
1 0.6094674556213018 0.7674180327868853 0.07100591715976332 0.07377049180327869