1 0.328211334120425 0.10359528487229863 0.03092089728453365 0.04868369351669941
4 0.40719598583234945 0.605 0.03510035419126328 0.019469548133595284
4 0.4924498229043684 0.5034577603143419 0.0702125147579693 0.02781925343811395
4 0.5480283353010625 0.503467583497053 0.02757969303423849 0.019469548133595284
4 0.8347107438016529 0.07091355599214146 0.02590318772136954 0.019469548133595284
4 0.8572786304604486 0.07161100196463654 0.02423848878394333 0.018074656188605105
4 0.9554840613931523 0.311532416502947 0.011700118063754428 0.05005893909626719
4 0.9554840613931522 0.25103143418467583 0.013376623376623377 0.05424361493123772
4 0.8622904368358913 0.4415717092337918 0.02925619834710744 0.023654223968565813
4 0.26343565525383705 0.07230844793713163 0.040118063754427384 0.01667976424361493
4 0.30397874852420304 0.07091355599214146 0.02757969303423849 0.022259332023575638
4 0.3695808736717827 0.06884086444007859 0.09361275088547817 0.02086444007858546
4 0.4197343565525384 0.25172888015717093 0.016706021251475797 0.05005893909626719
4 0.42140495867768596 0.311532416502947 0.010035419126328217 0.05005893909626719
4 0.33364817001180636 0.44088408644400784 0.04179456906729634 0.025029469548133596
4 0.12636363636363637 0.4415717092337918 0.030082644628099175 0.023654223968565813
4 0.024811097992916177 0.2565913555992142 0.01587957497048406 0.11542239685658154
4 0.5584769775678867 0.28441060903732807 0.013364817001180638 0.05703339882121808
4 0.31275088547815816 0.6049901768172888 0.03175914994096812 0.01669941060903733
4 0.27138134592680047 0.6036051080550099 0.03593860684769776 0.022259332023575638
4 0.23752656434474617 0.7023575638506876 0.010023612750885478 0.04172888015717092
4 0.23836481700118065 0.7628487229862476 0.011700118063754428 0.05980353634577604
1 0.0845749704840614 0.39636542239685657 0.03177095631641086 0.04172888015717092
1 0.0653482880755608 0.46452848722986245 0.03175914994096812 0.06119842829076621
1 0.21412632821723732 0.13350687622789784 0.03342384887839433 0.041709233791748526
1 0.43352420306965767 0.356041257367387 0.03595041322314049 0.04449901768172888
1 0.7745336481700118 0.3087524557956778 0.030932703659976385 0.04449901768172888
1 0.7962632821723732 0.26354616895874267 0.03092089728453365 0.048664047151277014
1 0.8794273907910272 0.2628487229862475 0.03177095631641086 0.05005893909626719
1 0.839728453364817 0.37203339882121805 0.02757969303423849 0.048664047151277014
1 0.947125147579693 0.36368369351669944 0.026741440377804012 0.03754420432220039
1 0.5998465171192444 0.6995677799607073 0.02925619834710744 0.044518664047151275
1 0.5459386068476977 0.5514538310412573 0.03175914994096812 0.045893909626719055
1 0.43018299881936245 0.5674361493123772 0.0325974025974026 0.04449901768172888
1 0.45274498229043686 0.6522789783889981 0.0325974025974026 0.05284872298624754
1 0.4631995277449823 0.6981827111984283 0.025076741440377803 0.04449901768172888
1 0.4005135773317592 0.739901768172888 0.028417945690672963 0.05005893909626719
1 0.3440968122786304 0.6696660117878193 0.02925619834710744 0.045893909626719055
1 0.2939433293978749 0.7392043222003929 0.02925619834710744 0.05424361493123772
1 0.22750295159386072 0.6620137524557956 0.03510035419126328 0.04449901768172888
4 0.3712573789846517 0.6049901768172888 0.03009445100354191 0.025029469548133596
0 0.1248051948051948 0.38782907662082516 0.05652892561983471 0.09793713163064834
2 0.22237308146399057 0.2557465618860511 0.40656434474616293 0.38273084479371317
2 0.7578866587957498 0.25638506876227896 0.4073435655253837 0.384007858546169
2 0.43495867768595037 0.6861493123772102 0.4073435655253837 0.38530451866404714
3 0.5131700118063754 0.6236542239685658 0.040271546635182995 0.1031041257367387
3 0.22431523022432115 0.7969744597249508 0.02012987012987013 0.1636542239685658
3 0.03961629279811098 0.36978388998035366 0.025560802833530103 0.12628683693516699
3 0.29710743801652895 0.2061296660117878 0.04025974025974026 0.15465618860510805
3 0.5751239669421487 0.3710707269155206 0.021676505312868948 0.12886051080550098
3 0.8337780401416766 0.21450884086444008 0.03716646989374262 0.15078585461689586