1 0.2615112160566706 0.7858546168958742 0.0295159386068477 0.05108055009823183
4 0.5631641086186541 0.6542239685658153 0.011806375442739079 0.05893909626719057
4 0.5023612750885478 0.5127701375245579 0.01652892561983471 0.11591355599214145
4 0.5023612750885478 0.4204322200392927 0.011806375442739079 0.04518664047151277
4 0.24321133412042503 0.8939096267190569 0.009445100354191263 0.06679764243614932
4 0.24203069657615112 0.8261296660117878 0.012987012987012988 0.04518664047151277
4 0.2408500590318772 0.7170923379174853 0.012987012987012988 0.15520628683693516
4 0.35064935064935066 0.6335952848722987 0.0295159386068477 0.0275049115913556
4 0.38665879574970485 0.630648330058939 0.0295159386068477 0.015717092337917484
4 0.46458087367178275 0.7770137524557956 0.015348288075560802 0.068762278978389
4 0.3707201889020071 0.4027504911591356 0.03423848878394333 0.021611001964636542
4 0.5631641086186541 0.8113948919449901 0.009445100354191263 0.05304518664047151
4 0.5619834710743802 0.8801571709233792 0.012987012987012988 0.05893909626719057
4 0.6216056670602125 0.93713163064833 0.024793388429752067 0.015717092337917484
4 0.6582054309327037 0.9351669941060904 0.03541912632821724 0.019646365422396856
1 0.2792207792207792 0.9734774066797642 0.024793388429752067 0.05304518664047151
1 0.4132231404958678 0.6110019646365422 0.02715466351829988 0.05893909626719057
1 0.38488783943329397 0.043222003929273084 0.02715466351829988 0.05108055009823183
1 0.35714285714285715 0.015717092337917484 0.0295159386068477 0.03143418467583497
1 0.6198347107438017 0.33398821218074654 0.02715466351829988 0.04911591355599214
1 0.5306965761511216 0.42337917485265225 0.02715466351829988 0.05304518664047151
1 0.5407319952774499 0.6159135559921415 0.02715466351829988 0.0550098231827112
1 0.5914994096812278 0.5785854616895875 0.031877213695395513 0.0550098231827112
1 0.6192443919716647 0.5609037328094303 0.02715466351829988 0.0412573673870334
1 0.6440377804014168 0.6660117878192534 0.0295159386068477 0.047151277013752456
1 0.602125147579693 0.7593320235756386 0.02715466351829988 0.04911591355599214
1 0.6440377804014168 0.8428290766208252 0.03305785123966942 0.04911591355599214
1 0.5974025974025974 0.9538310412573674 0.02715466351829988 0.05893909626719057
4 0.5631641086186541 0.7141453831041258 0.015348288075560802 0.04911591355599214
2 0.3524203069657615 0.8113948919449901 0.23022432113341204 0.37721021611001965
2 0.35360094451003543 0.2043222003929273 0.23022432113341204 0.4086444007858546
2 0.6115702479338843 0.6080550098231827 0.23140495867768596 0.6777996070726916
3 0.5743801652892562 0.47838899803536344 0.06139315230224321 0.06679764243614932
3 0.6782762691853601 0.9587426326129665 0.09799291617473435 0.03339882121807466
3 0.3234946871310508 0.8379174852652259 0.09327036599763873 0.06679764243614932
3 0.42266824085005905 0.37524557956778 0.07792207792207792 0.03536345776031434