1 0.2615112160566706 0.21414538310412573 0.0295159386068477 0.05108055009823183
4 0.5631641086186541 0.34577603143418467 0.011806375442739079 0.05893909626719057
4 0.5023612750885478 0.48722986247544203 0.01652892561983471 0.11591355599214145
4 0.5023612750885478 0.5795677799607073 0.011806375442739079 0.04518664047151277
4 0.24321133412042503 0.10609037328094302 0.009445100354191263 0.06679764243614932
4 0.24203069657615112 0.1738703339882122 0.012987012987012988 0.04518664047151277
4 0.2408500590318772 0.2829076620825147 0.012987012987012988 0.15520628683693516
4 0.35064935064935066 0.3664047151277014 0.0295159386068477 0.0275049115913556
4 0.38665879574970485 0.3693516699410609 0.0295159386068477 0.015717092337917484
4 0.46458087367178275 0.22298624754420432 0.015348288075560802 0.068762278978389
4 0.3707201889020071 0.5972495088408645 0.03423848878394333 0.021611001964636542
4 0.5631641086186541 0.18860510805500982 0.009445100354191263 0.05304518664047151
4 0.5619834710743802 0.11984282907662082 0.012987012987012988 0.05893909626719057
4 0.6216056670602125 0.06286836935166994 0.024793388429752067 0.015717092337917484
4 0.6582054309327037 0.06483300589390963 0.03541912632821724 0.019646365422396856
1 0.2792207792207792 0.025540275049115914 0.024793388429752067 0.05108055009823183
1 0.4132231404958678 0.3889980353634578 0.02715466351829988 0.05893909626719057
1 0.38488783943329397 0.9567779960707269 0.02715466351829988 0.05108055009823183
1 0.35714285714285715 0.9833005893909627 0.0295159386068477 0.03339882121807466
1 0.6198347107438017 0.6660117878192534 0.02715466351829988 0.04911591355599214
1 0.5306965761511216 0.5766208251473477 0.02715466351829988 0.05304518664047151
1 0.5407319952774499 0.3840864440078585 0.02715466351829988 0.0550098231827112
1 0.5914994096812278 0.4214145383104126 0.031877213695395513 0.0550098231827112
1 0.6192443919716647 0.43909626719056977 0.02715466351829988 0.0412573673870334
1 0.6440377804014168 0.33398821218074654 0.0295159386068477 0.047151277013752456
1 0.602125147579693 0.2406679764243615 0.02715466351829988 0.04911591355599214
1 0.6440377804014168 0.15717092337917485 0.03305785123966942 0.04911591355599214
1 0.5974025974025974 0.04616895874263261 0.02715466351829988 0.05893909626719057
4 0.5631641086186541 0.28585461689587427 0.015348288075560802 0.04911591355599214
2 0.3524203069657615 0.18762278978389 0.23022432113341204 0.37524557956778
2 0.35360094451003543 0.7946954813359528 0.23022432113341204 0.4106090373280943
2 0.6115702479338843 0.3919449901768173 0.23140495867768596 0.6777996070726916
3 0.5743801652892562 0.5216110019646365 0.06139315230224321 0.06679764243614932
3 0.6782762691853601 0.0412573673870334 0.09799291617473435 0.03339882121807466
3 0.3234946871310508 0.16208251473477406 0.09327036599763873 0.06679764243614932
3 0.42266824085005905 0.6247544204322201 0.07792207792207792 0.03536345776031434