0 0.84394375 0.7654842715231789 0.1118875 0.2603062913907285
2 0.5102249999999999 0.5741183774834437 0.8123999999999999 0.6920115894039736
4 0.767753125 0.2427566225165563 0.10710625 0.03754966887417219
1 0.7577750000000001 0.7358029801324503 0.07035 0.07788079470198675
1 0.64961875 0.5320488410596026 0.061950000000000005 0.09318708609271523
4 0.5593125 0.2399751655629139 0.1081625 0.03198675496688742
1 0.3939281250000001 0.28865480132450333 0.06510625 0.10431291390728477
1 0.39235312499999997 0.19824917218543048 0.07245625 0.10987582781456953
4 0.441178125 0.2420612582781457 0.033606250000000004 0.030596026490066226
4 0.241140625 0.2413658940397351 0.12915625 0.03198675496688742
1 0.28734375 0.6307988410596026 0.05985 0.09040562913907284
1 0.731521875 0.9472061258278147 0.06615625 0.0973592715231788
4 0.11250624999999999 0.7747475165562914 0.0252 0.17802152317880796
1 0.725746875 0.8651531456953643 0.06510625 0.11126655629139072