0 0.1559375 0.7653145695364238 0.111875 0.2599337748344371
2 0.4896875 0.5740894039735099 0.8125 0.6920529801324503
4 0.2321875 0.24254966887417218 0.106875 0.037251655629139076
1 0.2421875 0.7359271523178808 0.070625 0.07781456953642384
1 0.3503125 0.5318708609271523 0.061875 0.0935430463576159
4 0.440625 0.24006622516556292 0.108125 0.03228476821192053
1 0.6059375 0.2884933774834437 0.065 0.10430463576158941
1 0.6075 0.1982615894039735 0.0725 0.11009933774834436
4 0.55875 0.24213576158940397 0.03375 0.030629139072847682
4 0.75875 0.24130794701986755 0.129375 0.03228476821192053
1 0.7125 0.6307947019867549 0.06 0.0902317880794702
1 0.2684375 0.9470198675496688 0.06625 0.09768211920529801
4 0.8875 0.7748344370860927 0.025 0.17798013245033112
1 0.274375 0.8650662251655629 0.065 0.11092715231788079