0 0.299375 0.0591887417218543 0.19625 0.1183774834437086
2 0.44375 0.5 0.5225 1
4 0.694375 0.1452814569536424 0.028125 0.14155629139072848
1 0.321875 0.15852649006622516 0.05875 0.0935430463576159
1 0.4759375 0.30173841059602646 0.070625 0.08195364238410596
4 0.69625 0.42135761589403975 0.024375 0.14321192052980133
1 0.6596875 0.6403145695364238 0.07875 0.08609271523178808
1 0.7278125 0.6423841059602649 0.083125 0.09602649006622517
4 0.6946875 0.5778145695364238 0.023125 0.04470198675496689
4 0.6953125 0.8427152317880795 0.024375 0.17135761589403972
1 0.40125 0.7814569536423841 0.068125 0.07947019867549669
1 0.1625 0.19329470198675497 0.07375 0.08774834437086093
1 0.224375 0.201158940397351 0.08375 0.08609271523178808