1 0.36042753623188406 0.9332488479262674 0.07960869565217392 0.1307373271889401
4 0.042007246376811594 0.6057258064516129 0.021869565217391303 0.248963133640553
4 0.0393768115942029 0.34633640552995393 0.021884057971014493 0.24479262672811058
1 0.45490579710144924 0.7656682027649769 0.06911594202898551 0.0904147465437788
1 0.8538188405797101 0.4110023041474654 0.07436231884057971 0.10430875576036867
1 0.6954855072463768 0.42561059907834103 0.07085507246376811 0.11403225806451614
1 0.29044202898550725 0.41031105990783406 0.07610144927536232 0.10569124423963133
4 0.8315144927536232 0.6745622119815669 0.017492753623188407 0.25313364055299536
1 0.2921956521739131 0.609205069124424 0.07436231884057971 0.102926267281106
1 0.5944420289855072 0.5931912442396313 0.08572463768115941 0.09596774193548387
4 0.8280144927536233 0.20238479262672812 0.014 0.3212672811059908
4 0.43523188405797103 0.052868663594470046 0.13472463768115941 0.03615207373271889
2 0.4355797101449276 0.4658410138248848 0.8064927536231884 0.8518202764976959
0 0.5243405797101449 0.7963824884792626 0.18155072463768115 0.16493087557603686