0 0.1885928961748634 0.5476325088339223 0.04882513661202186 0.09021201413427563
0 0.8910655737704918 0.38525618374558307 0.08868852459016394 0.06443462897526502
0 0.4785450819672131 0.6436395759717315 0.10862021857923498 0.05798586572438163
2 0.5094398907103824 0.5972526501766785 0.8818306010928961 0.7512897526501767
1 0.18327868852459017 0.6293816254416962 0.04838797814207651 0.05424028268551236
4 0.5333265027322404 0.2246554770318021 0.07957650273224044 0.026413427561837455
4 0.7822814207650273 0.22535335689045938 0.06560109289617487 0.027809187279151944
4 0.9457445355191256 0.27889575971731445 0.022581967213114756 0.037544169611307424
4 0.9457513661202187 0.3755565371024735 0.026885245901639345 0.0361660777385159
4 0.9457513661202185 0.4638692579505301 0.020437158469945357 0.03477031802120141
4 0.7102390710382513 0.8380035335689046 0.031188524590163934 0.16272084805653708
4 0.612370218579235 0.9666519434628975 0.06345628415300547 0.025035335689045937
4 0.5075204918032786 0.9617844522968197 0.07096994535519126 0.02363957597173145
4 0.34459016393442626 0.7065724381625442 0.11292349726775956 0.027809187279151944
4 0.2252185792349727 0.7093551236749117 0.07204918032786886 0.03895759717314488
4 0.07896174863387978 0.6210424028268551 0.024726775956284155 0.07371024734982332
4 0.0746584699453552 0.481952296819788 0.020437158469945357 0.051466431095406356
4 0.15155737704918032 0.31783568904593634 0.0924863387978142 0.029204946996466433
1 0.39083333333333337 0.9235424028268552 0.05270491803278688 0.05842756183745583
1 0.49084699453551917 0.7858480565371024 0.0440983606557377 0.05286219081272085
1 0.34512978142076506 0.4840371024734983 0.032254098360655736 0.04450530035335689
1 0.23812158469945355 0.4798763250883393 0.0462431693989071 0.061201413427561836
1 0.23328551912568304 0.5723586572438162 0.04730874316939891 0.05701413427561838
1 0.2354371584699453 0.29558303886925796 0.0516120218579235 0.07371024734982332
1 0.6591530054644809 0.20866607773851592 0.0516120218579235 0.05563604240282685
1 0.8285314207650274 0.266386925795053 0.044084699453551916 0.048674911660777385
1 0.820464480874317 0.39780918727915193 0.0473224043715847 0.061201413427561836
1 0.8726161202185793 0.44440812720848055 0.0462431693989071 0.05701413427561838
1 0.8758469945355192 0.640512367491166 0.05915300546448087 0.07091872791519435
1 0.7543237704918034 0.6425971731448763 0.048401639344262296 0.06954063604240282
1 0.5763456284153006 0.5243727915194346 0.0494672131147541 0.05563604240282685
1 0.3768510928961749 0.48265017667844523 0.031188524590163934 0.0472791519434629
4 0.41556693989071036 0.23300353356890458 0.14517759562841528 0.03197879858657244