0 0.46311475409836067 0.09717314487632508 0.06967213114754098 0.0636042402826855
0 0.5887978142076503 0.9743816254416962 0.04918032786885246 0.05123674911660778
0 0.38866120218579236 0.4726148409893993 0.045081967213114756 0.1413427561837456
2 0.42418032786885246 0.5 0.5806010928961749 1
1 0.40027322404371585 0.09010600706713781 0.04234972677595628 0.061837455830388695
4 0.7131147540983607 0.5432862190812721 0.020491803278688523 0.10247349823321555
4 0.712431693989071 0.8648409893992933 0.02185792349726776 0.08480565371024736
4 0.2383879781420765 0.7720848056537103 0.12568306010928962 0.04063604240282685
4 0.13934426229508196 0.6457597173144877 0.01912568306010929 0.0812720848056537
4 0.14275956284153005 0.5097173144876325 0.017759562841530054 0.09187279151943463
4 0.3401639344262295 0.29858657243816256 0.02185792349726776 0.14664310954063603
4 0.33811475409836067 0.14487632508833923 0.030054644808743168 0.09363957597173145
4 0.6400273224043715 0.054770318021201414 0.023224043715846996 0.10954063604240283
1 0.17281420765027322 0.3586572438162544 0.045081967213114756 0.06890459363957598
1 0.2786885245901639 0.48851590106007065 0.040983606557377046 0.05653710247349823
1 0.5122950819672131 0.299469964664311 0.03415300546448088 0.04240282685512368
1 0.5157103825136612 0.16166077738515902 0.04781420765027322 0.06007067137809187
1 0.44398907103825136 0.15547703180212014 0.04371584699453552 0.061837455830388695
1 0.6577868852459017 0.15812720848056538 0.05737704918032787 0.06713780918727916
1 0.7254098360655737 0.7058303886925795 0.04234972677595628 0.06713780918727916
1 0.680327868852459 0.9249116607773852 0.03825136612021858 0.05653710247349823
1 0.5792349726775956 0.9143109540636042 0.04781420765027322 0.061837455830388695
1 0.5423497267759563 0.976148409893993 0.04371584699453552 0.04770318021201413
1 0.3907103825136612 0.9734982332155477 0.0546448087431694 0.053003533568904596
1 0.3900273224043716 0.8286219081272085 0.05327868852459016 0.061837455830388695
1 0.4808743169398907 0.598939929328622 0.04234972677595628 0.0636042402826855
1 0.5136612021857924 0.3409893992932862 0.036885245901639344 0.04063604240282685
4 0.7062841530054644 0.39045936395759717 0.02459016393442623 0.1872791519434629