2 0.512797619047619 0.4036949685534591 0.45535714285714285 0.8073899371069182
0 0.4375 0.2138364779874214 0.07023809523809524 0.13679245283018868
0 0.38333333333333336 0.36556603773584906 0.17261904761904762 0.1611635220125786
1 0.4943452380952381 0.24213836477987422 0.05892857142857143 0.07625786163522012
1 0.5005952380952381 0.3596698113207547 0.07559523809523809 0.09433962264150944
1 0.2604166666666667 0.08333333333333333 0.08214285714285714 0.0959119496855346
1 0.5074404761904762 0.8329402515723271 0.07261904761904762 0.11556603773584906
4 0.7342261904761904 0.13482704402515724 0.01904761904761905 0.14622641509433962
4 0.7294642857142857 0.4528301886792453 0.02857142857142857 0.16430817610062892
4 0.6026785714285714 0.7948113207547169 0.13452380952380952 0.0330188679245283
4 0.3985119047619048 0.7983490566037735 0.13452380952380952 0.03459119496855346