2 0.48660714285714285 0.5959119496855346 0.45535714285714285 0.8081761006289309
0 0.5625 0.7861635220125787 0.07023809523809524 0.13679245283018868
0 0.6166666666666667 0.6344339622641509 0.17261904761904762 0.1611635220125786
1 0.5056547619047619 0.7578616352201258 0.05892857142857143 0.07625786163522012
1 0.4994047619047619 0.6403301886792453 0.07559523809523809 0.09433962264150944
1 0.7395833333333334 0.9166666666666666 0.08214285714285714 0.0959119496855346
1 0.49255952380952384 0.16705974842767296 0.07261904761904762 0.11556603773584906
4 0.2657738095238095 0.8651729559748428 0.01904761904761905 0.14622641509433962
4 0.27053571428571427 0.5471698113207547 0.02857142857142857 0.16430817610062892
4 0.39732142857142855 0.20518867924528303 0.13452380952380952 0.0330188679245283
4 0.6014880952380952 0.2016509433962264 0.13452380952380952 0.03459119496855346