2 0.41466666666666674 0.48259827044025155 0.6371309523809524 0.6018003144654088
0 0.2834375 0.5824685534591195 0.10342261904761904 0.09278301886792452
0 0.3980833333333334 0.6539897798742138 0.12196428571428572 0.22808962264150942
1 0.30462797619047616 0.5076218553459119 0.05792261904761905 0.07788522012578616
1 0.39361309523809523 0.4992806603773585 0.07160714285714286 0.10013364779874215
1 0.18458035714285717 0.8163875786163524 0.07266071428571429 0.10848270440251573
1 0.7521755952380952 0.4902397798742138 0.08739880952380953 0.09596698113207547
4 0.22354166666666667 0.1905188679245283 0.11057142857142857 0.025031446540880502
4 0.4641666666666666 0.19677672955974843 0.12426190476190475 0.03754716981132075
4 0.7232142857142857 0.3643671383647799 0.025273809523809525 0.1780267295597484
4 0.7258482142857142 0.6341902515723271 0.02632738095238095 0.1780188679245283