1 0.45614035087719296 0.9392405063291139 0.07675438596491228 0.10126582278481013
4 0.19078947368421054 0.25063291139240507 0.22807017543859648 0.02531645569620253
4 0.5054824561403509 0.25063291139240507 0.12938596491228072 0.035443037974683546
4 0.7763157894736842 0.24936708860759493 0.19956140350877194 0.03291139240506329
1 0.3366228070175439 0.20632911392405062 0.08552631578947369 0.09620253164556962
1 0.3366228070175439 0.28860759493670884 0.08771929824561403 0.10379746835443038
1 0.6875 0.6721518987341772 0.08552631578947369 0.09113924050632911
1 0.7072368421052632 0.7810126582278482 0.07675438596491228 0.0759493670886076
1 0.45614035087719296 0.7481012658227848 0.08333333333333333 0.09873417721518987
1 0.37280701754385964 0.7835443037974683 0.09649122807017543 0.09367088607594937
1 0.4605263157894737 0.8582278481012658 0.07675438596491228 0.09620253164556962
2 0.4868421052631579 0.5721518987341773 0.8925438596491229 0.6683544303797468
0 0.5164473684210527 0.6240506329113924 0.21271929824561403 0.17215189873417722