1 0.11951754385964912 0.5506329113924051 0.08771929824561403 0.08860759493670886
4 0.7160087719298246 0.8569620253164557 0.021929824561403508 0.26329113924050634
4 0.7160087719298246 0.4936708860759494 0.03070175438596491 0.14936708860759493
4 0.7171052631578947 0.1810126582278481 0.02850877192982456 0.23037974683544304
1 0.7543859649122807 0.6886075949367089 0.08333333333333333 0.09873417721518987
1 0.6831140350877193 0.6886075949367089 0.08991228070175439 0.10126582278481013
1 0.3508771929824561 0.28354430379746837 0.07894736842105263 0.09873417721518987
1 0.2565789473684211 0.2607594936708861 0.06578947368421052 0.08860759493670886
1 0.2850877192982456 0.5506329113924051 0.08552631578947369 0.09620253164556962
1 0.2543859649122807 0.6468354430379747 0.08114035087719298 0.11139240506329114
1 0.18969298245614036 0.5455696202531646 0.08333333333333333 0.08860759493670886
2 0.43640350877192985 0.5 0.5789473684210527 1
0 0.3925438596491228 0.4810126582278481 0.14912280701754385 0.24556962025316456