1 0.9915730337078652 0.6128509719222462 0.016853932584269662 0.03347732181425486
1 0.9915730337078652 0.646328293736501 0.016853932584269662 0.03779697624190065
1 0.41292134831460675 0.5901727861771058 0.08426966292134831 0.04967602591792657
1 0.3455056179775281 0.48002159827213825 0.07865168539325842 0.04535637149028078
1 0.2247191011235955 0.4017278617710583 0.0898876404494382 0.05399568034557235
1 0.22846441947565543 0.2575593952483801 0.08239700374531835 0.05399568034557235
1 0.1441947565543071 0.34233261339092874 0.08239700374531835 0.04535637149028078
1 0.13670411985018727 0.5556155507559395 0.08239700374531835 0.052915766738660906
4 0.9925093632958801 0.42818574514038876 0.0149812734082397 0.08747300215982722
4 0.9906367041198502 0.7424406047516199 0.018726591760299626 0.03779697624190065
4 0.8426966292134831 0.7672786177105831 0.25842696629213485 0.016198704103671708
4 0.46348314606741575 0.7408207343412527 0.031835205992509365 0.042116630669546434
4 0.5758426966292135 0.7176025917926566 0.1647940074906367 0.020518358531317494
4 0.846441947565543 0.38444924406047515 0.26591760299625467 0.019438444924406047
4 0.5711610486891385 0.38228941684665224 0.24531835205992508 0.020518358531317494
4 0.3792134831460674 0.27483801295896326 0.15168539325842698 0.019438444924406047
4 0.4597378277153558 0.3255939524838013 0.03932584269662921 0.09827213822894168
4 0.04962546816479401 0.26943844492440605 0.09925093632958802 0.020518358531317494
4 0.08239700374531835 0.7143628509719222 0.1647940074906367 0.0183585313174946
4 0.1704119850187266 0.7359611231101512 0.028089887640449437 0.04859611231101512
2 0.5 0.5199784017278618 1 0.5064794816414687
0 0.3792134831460674 0.42602591792656586 0.15168539325842698 0.0734341252699784
0 0.10767790262172285 0.4265658747300216 0.14606741573033707 0.05939524838012959