1 0.6954026217228464 0.19963282937365012 0.05788389513108614 0.04311015118790497
1 0.7544943820224719 0.2017170626349892 0.0651310861423221 0.03894168466522679
1 0.656816479400749 0.5501187904967603 0.08681647940074906 0.04868250539956803
1 0.4650749063670412 0.5890604751619871 0.07958801498127341 0.0458963282937365
1 0.33001872659176035 0.6586015118790497 0.09404494382022471 0.05145788336933045
1 0.07918539325842695 0.6565172786177105 0.09406367041198502 0.04728941684665227
1 0.22631086142322096 0.7051997840172786 0.07958801498127341 0.04728941684665227
1 0.2431928838951311 0.8380183585313175 0.06994382022471911 0.04033477321814255
1 0.24681647940074908 0.8866954643628511 0.08681647940074906 0.04311015118790497
1 0.4626685393258427 0.8359287257019438 0.06028089887640449 0.03894168466522679
1 0.5253838951310862 0.8394114470842332 0.06994382022471911 0.04033477321814255
1 0.5965168539325842 0.7093682505399568 0.09164794007490636 0.04728941684665227
4 0.37584269662921344 0.210755939524838 0.15194756554307115 0.01807775377969762
4 0.6712921348314608 0.02577753779697624 0.25082397003745316 0.02086393088552916
4 0.5470880149812734 0.06542116630669546 0.02653558052434457 0.07788336933045358
4 0.5470880149812734 0.1342656587473002 0.02653558052434457 0.07650107991360691
4 0.9209082397003745 0.21354211663066955 0.0651123595505618 0.01807775377969762
4 0.9631179775280898 0.3025539956803455 0.02893258426966292 0.14882289416846653
4 0.9172940074906367 0.5209125269978402 0.07234082397003745 0.018088552915766738
4 0.87749063670412 0.4562419006479482 0.03617977528089888 0.09457883369330454
4 0.299878277153558 0.30046976241900647 0.03376404494382023 0.1529913606911447
4 0.29625468164794005 0.45902267818574516 0.03617977528089888 0.1418682505399568
4 0.10933520599250936 0.5695896328293737 0.03376404494382023 0.08762419006479481
4 0.19737827715355807 0.5229967602591793 0.17123595505617978 0.022257019438444922
4 0.10089887640449437 0.7747354211663068 0.03617977528089888 0.0890172786177106
4 0.10331460674157304 0.8595788336933046 0.03617977528089888 0.091792656587473
4 0.3553370786516854 0.9555453563714903 0.13505617977528092 0.016684665226781855
4 0.49643258426966297 0.9562419006479482 0.14713483146067413 0.01807775377969762
4 0.8714700374531835 0.8672246220302375 0.03376404494382023 0.09596112311015119
4 0.8726779026217228 0.7587419006479481 0.03134831460674157 0.13212742980561554
4 0.9088483146067416 0.6898974082073435 0.08440074906367041 0.016684665226781855
2 0.5346910112359551 0.49094492440604753 0.8782209737827716 0.9510259179265659
0 0.371563670411985 0.5695518358531317 0.12735955056179776 0.08763498920086393
0 0.372687265917603 0.7261231101511879 0.10279026217228465 0.08375809935205183