0 0.46625 0.30541666666666667 0.16625 0.12083333333333333
2 0.461875 0.50125 0.608125 0.5408333333333334
4 0.55125 0.2808333333333333 0.015625 0.07666666666666666
4 0.168125 0.6145833333333334 0.0175 0.1375
4 0.165625 0.38458333333333333 0.01875 0.16166666666666665
4 0.6496875 0.6175 0.020625 0.1575
1 0.35875 0.5516666666666666 0.05625 0.0725
1 0.358125 0.42625 0.055 0.0725
1 0.445625 0.39416666666666667 0.053125 0.0775
1 0.5353125 0.33666666666666667 0.045 0.056666666666666664
1 0.5865625 0.40958333333333335 0.06125 0.08083333333333333
1 0.6721875 0.40958333333333335 0.065625 0.08083333333333333
1 0.715 0.38333333333333336 0.053125 0.07833333333333334