0 0.53375 0.6945833333333333 0.16625 0.12083333333333333
2 0.538125 0.49875 0.608125 0.5408333333333334
4 0.44875 0.7191666666666666 0.015625 0.07666666666666666
4 0.831875 0.3854166666666667 0.0175 0.1375
4 0.834375 0.6154166666666666 0.01875 0.16166666666666665
4 0.3503125 0.3825 0.020625 0.1575
1 0.64125 0.4483333333333333 0.05625 0.0725
1 0.641875 0.57375 0.055 0.0725
1 0.554375 0.6058333333333333 0.053125 0.0775
1 0.4646875 0.6633333333333333 0.045 0.056666666666666664
1 0.4134375 0.5904166666666667 0.06125 0.08083333333333333
1 0.3278125 0.5904166666666667 0.065625 0.08083333333333333
1 0.285 0.6166666666666667 0.053125 0.07833333333333334