0 0.57421875 0.826048951048951 0.3333333333333333 0.17832167832167833
2 0.5013020833333334 0.6075174825174825 0.9973958333333334 0.6398601398601399
4 0.3971354166666667 0.3006993006993007 0.17708333333333334 0.043706293706293704
1 0.21354166666666666 0.951048951048951 0.11979166666666667 0.08566433566433566
1 0.21614583333333334 0.8802447552447552 0.125 0.0979020979020979
1 0.7057291666666666 0.7727272727272727 0.09635416666666667 0.05944055944055944
1 0.35546875 0.8356643356643356 0.1171875 0.07167832167832168
1 0.5299479166666666 0.3356643356643357 0.109375 0.09965034965034965
4 0.17057291666666666 0.30244755244755245 0.1875 0.03671328671328671
1 0.53125 0.26835664335664333 0.10416666666666667 0.0979020979020979
4 0.8515625 0.30157342657342656 0.1796875 0.04020979020979021