0 0.5738802083333333 0.8259965034965036 0.33208333333333334 0.17783216783216782
2 0.50140625 0.6075611888111888 0.9971875 0.640472027972028
4 0.3974479166666667 0.30047202797202793 0.17609375000000002 0.04451048951048951
1 0.2140885416666667 0.9513811188811188 0.12015625 0.08622377622377622
1 0.21615885416666666 0.8804458041958042 0.12429687499999999 0.09736013986013986
1 0.7061328125 0.7726573426573428 0.09736979166666666 0.0597902097902098
1 0.3549609375 0.8352447552447553 0.116015625 0.07094405594405594
1 0.5300390625 0.3352447552447552 0.10981770833333333 0.10013986013986015
4 0.1705989583333333 0.30255244755244753 0.1864583333333333 0.037552447552447556
1 0.5310677083333334 0.2684877622377622 0.10359375 0.09736013986013986
4 0.8511588541666667 0.3011625874125874 0.18023437499999997 0.04033216783216783