4 0.007932166301969365 0.53955078125 0.01586433260393873 0.068359375
4 0.007932166301969365 0.73974609375 0.01586433260393873 0.0849609375
4 0.006564551422319475 0.790771484375 0.01312910284463895 0.03076171875
4 0.35667396061269147 0.684326171875 0.016958424507658644 0.04296875
4 0.3591356673960613 0.762939453125 0.018599562363238512 0.0390625
4 0.39414660831509846 0.53076171875 0.016958424507658644 0.0224609375
4 0.3949671772428884 0.57177734375 0.02188183807439825 0.07080078125
4 0.5054704595185996 0.19189453125 0.018599562363238512 0.07080078125
4 0.5046498905908097 0.241455078125 0.016958424507658644 0.04150390625
4 0.5062910284463895 0.48046875 0.014223194748358862 0.078125
4 0.5087527352297593 0.53271484375 0.018599562363238512 0.03466796875
1 0.424507658643326 0.236572265625 0.07494529540481401 0.068359375
4 0.5079321663019694 0.7001953125 0.023522975929978117 0.0693359375
4 0.6824398249452954 0.78662109375 0.014223194748358862 0.02490234375
4 0.6777899343544858 0.857421875 0.02024070021881838 0.04736328125
4 0.7571115973741794 0.879638671875 0.06400437636761488 0.0166015625
4 0.9721006564551422 0.192626953125 0.023522975929978117 0.06103515625
4 0.9729212253829321 0.235107421875 0.02188183807439825 0.04052734375
4 0.9707330415754923 0.461181640625 0.02024070021881838 0.08642578125
4 0.9699124726477024 0.5341796875 0.02188183807439825 0.09033203125
4 0.9682713347921226 0.702392578125 0.018599562363238512 0.03173828125
4 0.9690919037199125 0.7607421875 0.016958424507658644 0.05712890625
4 0.5087527352297593 0.654541015625 0.012582056892778994 0.033203125
1 0.42833698030634576 0.374267578125 0.07330415754923414 0.068359375
1 0.42696936542669583 0.433349609375 0.07932166301969365 0.06689453125
1 0.3777352297592998 0.723876953125 0.06236323851203501 0.04736328125
1 0.3388949671772429 0.725341796875 0.056345733041575495 0.05029296875
1 0.3293216630196937 0.6689453125 0.049781181619256015 0.0458984375
1 0.324671772428884 0.789306640625 0.037199124726477024 0.04736328125
1 0.28036105032822756 0.78857421875 0.04212253829321663 0.0322265625
1 0.22729759299781183 0.761474609375 0.06673960612691467 0.052734375
1 0.03637855579868709 0.50634765625 0.04649890590809628 0.05419921875
1 0.03036105032822757 0.37353515625 0.05306345733041575 0.052734375
4 0.2740700218818381 0.656494140625 0.07658643326039387 0.01806640625
1 0.42204595185995625 0.295654296875 0.07932166301969365 0.06396484375
1 0.5382932166301969 0.34765625 0.06564551422319474 0.05419921875
1 0.6972100656455142 0.653076171875 0.05908096280087528 0.04736328125
1 0.7089715536105032 0.710693359375 0.05470459518599562 0.04296875
1 0.7089715536105032 0.74755859375 0.04540481400437637 0.04736328125
1 0.7111597374179431 0.890869140625 0.05306345733041575 0.04736328125
1 0.6980306345733042 0.81640625 0.05470459518599562 0.048828125
1 0.7929431072210066 0.669677734375 0.05470459518599562 0.04443359375
1 0.7056892778993435 0.37548828125 0.05470459518599562 0.05126953125
1 0.6217177242888403 0.3427734375 0.06400437636761488 0.052734375
1 0.6567286652078774 0.27197265625 0.05908096280087528 0.05029296875
1 0.6605579868708972 0.1474609375 0.057439824945295405 0.05126953125
1 0.7199124726477024 0.2607421875 0.04540481400437637 0.04150390625
1 0.7844638949671773 0.272705078125 0.056345733041575495 0.05126953125
1 0.9803063457330415 0.392333984375 0.03938730853391685 0.05419921875
1 0.949671772428884 0.389404296875 0.06236323851203501 0.0458984375
1 0.9083698030634574 0.712158203125 0.05142231947483589 0.04296875
1 0.838074398249453 0.853271484375 0.04212253829321663 0.04443359375
4 0.9715536105032823 0.662841796875 0.018599562363238512 0.06103515625
4 0.007932166301969365 0.280029296875 0.01586433260393873 0.02490234375
4 0.00738512035010941 0.32470703125 0.01477024070021882 0.078125
4 0.007932166301969365 0.501220703125 0.01586433260393873 0.02783203125
2 0.7426148796498906 0.497314453125 0.4764770240700219 0.7734375
2 0.20322757111597375 0.5322265625 0.4026258205689278 0.7060546875
0 0.725109409190372 0.214599609375 0.08643326039387308 0.068359375
0 0.2538293216630197 0.840087890625 0.08533916849015317 0.0771484375