4 0.007932166301969365 0.4599609375 0.01586433260393873 0.068359375
4 0.007932166301969365 0.259765625 0.01586433260393873 0.0849609375
4 0.006564551422319475 0.209228515625 0.01312910284463895 0.03076171875
4 0.35667396061269147 0.315673828125 0.016958424507658644 0.04296875
4 0.3591356673960613 0.237060546875 0.018599562363238512 0.0390625
4 0.39414660831509846 0.46923828125 0.016958424507658644 0.0224609375
4 0.3949671772428884 0.42822265625 0.02188183807439825 0.07080078125
4 0.5054704595185996 0.80810546875 0.018599562363238512 0.07080078125
4 0.5046498905908097 0.758544921875 0.016958424507658644 0.04150390625
4 0.5062910284463895 0.51953125 0.014223194748358862 0.078125
4 0.5087527352297593 0.46728515625 0.018599562363238512 0.03466796875
1 0.424507658643326 0.763427734375 0.07494529540481401 0.068359375
4 0.5079321663019694 0.2998046875 0.023522975929978117 0.0693359375
4 0.6824398249452954 0.21337890625 0.014223194748358862 0.02490234375
4 0.6777899343544858 0.142578125 0.02024070021881838 0.04736328125
4 0.7571115973741794 0.120361328125 0.06400437636761488 0.0166015625
4 0.9721006564551422 0.807373046875 0.023522975929978117 0.06103515625
4 0.9729212253829321 0.764892578125 0.02188183807439825 0.04052734375
4 0.9707330415754923 0.538818359375 0.02024070021881838 0.08642578125
4 0.9699124726477024 0.4658203125 0.02188183807439825 0.09033203125
4 0.9682713347921226 0.297607421875 0.018599562363238512 0.03173828125
4 0.9690919037199125 0.2392578125 0.016958424507658644 0.05712890625
4 0.5087527352297593 0.345458984375 0.012582056892778994 0.033203125
1 0.42833698030634576 0.625732421875 0.07330415754923414 0.068359375
1 0.42696936542669583 0.566650390625 0.07932166301969365 0.06689453125
1 0.3777352297592998 0.276123046875 0.06236323851203501 0.04736328125
1 0.3388949671772429 0.274658203125 0.056345733041575495 0.05029296875
1 0.3293216630196937 0.3310546875 0.049781181619256015 0.0458984375
1 0.324671772428884 0.210693359375 0.037199124726477024 0.04736328125
1 0.28036105032822756 0.21142578125 0.04212253829321663 0.0322265625
1 0.22729759299781183 0.238525390625 0.06673960612691467 0.052734375
1 0.03637855579868709 0.49365234375 0.04649890590809628 0.05419921875
1 0.03036105032822757 0.62646484375 0.05306345733041575 0.052734375
4 0.2740700218818381 0.343505859375 0.07658643326039387 0.01806640625
1 0.42204595185995625 0.704345703125 0.07932166301969365 0.06396484375
1 0.5382932166301969 0.65234375 0.06564551422319474 0.05419921875
1 0.6972100656455142 0.346923828125 0.05908096280087528 0.04736328125
1 0.7089715536105032 0.289306640625 0.05470459518599562 0.04296875
1 0.7089715536105032 0.25244140625 0.04540481400437637 0.04736328125
1 0.7111597374179431 0.109130859375 0.05306345733041575 0.04736328125
1 0.6980306345733042 0.18359375 0.05470459518599562 0.048828125
1 0.7929431072210066 0.330322265625 0.05470459518599562 0.04443359375
1 0.7056892778993435 0.62451171875 0.05470459518599562 0.05126953125
1 0.6217177242888403 0.6572265625 0.06400437636761488 0.052734375
1 0.6567286652078774 0.72802734375 0.05908096280087528 0.05029296875
1 0.6605579868708972 0.8525390625 0.057439824945295405 0.05126953125
1 0.7199124726477024 0.7392578125 0.04540481400437637 0.04150390625
1 0.7844638949671773 0.727294921875 0.056345733041575495 0.05126953125
1 0.9803063457330415 0.607666015625 0.03938730853391685 0.05419921875
1 0.949671772428884 0.610595703125 0.06236323851203501 0.0458984375
1 0.9083698030634574 0.287841796875 0.05142231947483589 0.04296875
1 0.838074398249453 0.146728515625 0.04212253829321663 0.04443359375
4 0.9715536105032823 0.337158203125 0.018599562363238512 0.06103515625
4 0.007932166301969365 0.719482421875 0.01586433260393873 0.02490234375
4 0.00738512035010941 0.67529296875 0.01477024070021882 0.078125
4 0.007932166301969365 0.498291015625 0.01586433260393873 0.02783203125
2 0.7426148796498906 0.502685546875 0.4764770240700219 0.7734375
2 0.20322757111597375 0.4677734375 0.4026258205689278 0.7060546875
0 0.725109409190372 0.785400390625 0.08643326039387308 0.068359375
0 0.2538293216630197 0.159912109375 0.08533916849015317 0.0771484375