4 0.45554431072210066 0.94082275390625 0.07635120350109409 0.0180810546875
4 0.2311624726477024 0.9401269531249999 0.09504923413566739 0.016689453125
4 0.17428884026258204 0.9415185546875 0.03427789934354485 0.01390625
4 0.29349015317286653 0.62788818359375 0.04830415754923413 0.0152978515625
4 0.20545404814004375 0.6258056640624999 0.043632385120350115 0.016689453125
4 0.46567286652078776 0.59450927734375 0.024934354485776803 0.0152978515625
4 0.4197073304157549 0.5938134765625 0.07946936542669585 0.01947265625
4 0.8450957330415755 0.495068359375 0.07946936542669585 0.016689453125
4 0.789781181619256 0.49576171874999997 0.04675054704595186 0.015302734375
4 0.521769693654267 0.4943701171875 0.08725929978118162 0.01251953125
4 0.46333971553610503 0.49228515625 0.03895514223194748 0.016689453125
1 0.7952324945295406 0.5673876953125 0.07635120350109409 0.0667578125
4 0.27557439824945296 0.49298095703125 0.07791028446389496 0.0208642578125
4 0.17896334792122537 0.33720947265625 0.02804704595185996 0.0125146484375
4 0.09949671772428884 0.34137939453125 0.05297592997811816 0.0180810546875
4 0.07456236323851202 0.27044921875 0.018698030634573305 0.057021484375
4 0.8443189277899343 0.078515625 0.06856126914660832 0.020859375
4 0.7967943107221006 0.07781982421875 0.04518599562363238 0.0194677734375
4 0.5435831509846827 0.07990478515624999 0.09660831509846826 0.0180810546875
4 0.4617778993435448 0.0806005859375 0.10128008752735229 0.01947265625
4 0.2732275711159738 0.08199218750000001 0.03582056892778994 0.016689453125
4 0.20778993435448576 0.08129638671875 0.06388402625820569 0.0152978515625
4 0.3269939824945295 0.49228515624999997 0.03740153172866521 0.011123046875
1 0.6409710065645515 0.5639111328125 0.07635120350109409 0.06537109375
1 0.5747483588621444 0.5653027343749999 0.07479212253829322 0.070927734375
1 0.24908369803063457 0.60911376953125 0.05298140043763676 0.0556298828125
1 0.24752735229759298 0.6438842773437501 0.05609409190371992 0.0500732421875
1 0.31063457330415756 0.65222900390625 0.05142231947483589 0.0445068359375
1 0.17584792122538292 0.6564013671875001 0.05297592997811816 0.03337890625
1 0.17662746170678337 0.6960400390625 0.03583698030634574 0.037548828125
1 0.20701312910284464 0.7433276367187499 0.05921225382932166 0.0598095703125
1 0.49294310722100654 0.9137036132812499 0.06076586433260394 0.0417236328125
1 0.6417505470459518 0.919267578125 0.05921225382932166 0.04728515625
4 0.3246580962800875 0.70160400390625 0.02025711159737418 0.0681494140625
1 0.7290125820568928 0.56947509765625 0.07167943107221007 0.0709326171875
1 0.6705771334792123 0.465859375 0.06077133479212254 0.05841796875
1 0.3285530634573304 0.323994140625 0.05298140043763676 0.0528515625
1 0.2638840262582057 0.31356445312500003 0.04830415754923413 0.048681640625
1 0.2225929978118162 0.313564453125 0.05297592997811816 0.04033203125
1 0.062097921225382935 0.31147705078125 0.05298140043763676 0.0472900390625
1 0.14546225382932165 0.32330078125 0.05453501094091904 0.048681640625
1 0.30985503282275717 0.23845947265625 0.049863238512035016 0.0486767578125
1 0.6394119256017505 0.31634521484375 0.05765317286652079 0.0486767578125
1 0.6760339168490153 0.39145019531249997 0.05921225382932166 0.057021484375
1 0.7555005470459519 0.36015625 0.05609956236323851 0.0528515625
1 0.8949589715536105 0.35668212890625 0.05765317286652079 0.0514599609375
1 0.7679677242888402 0.303828125 0.04674507658643326 0.04033203125
1 0.7547237417943107 0.2461083984375 0.05765317286652079 0.050068359375
1 0.6207138949671772 0.06599853515625 0.06077133479212254 0.0458935546875
1 0.6238320568927789 0.098681640625 0.05141684901531728 0.055634765625
1 0.2623304157549234 0.13553955078125 0.04830415754923413 0.0458935546875
1 0.10417122538293218 0.19812744140625 0.049863238512035016 0.0375537109375
4 0.3176449671772429 0.079208984375 0.06856126914660832 0.016689453125
4 0.7461515317286652 0.94082275390625 0.02804704595185996 0.0180810546875
4 0.6962882932166302 0.9422143554687501 0.08725929978118162 0.0180810546875
4 0.49839442013129104 0.93943359375 0.031165207877461708 0.015302734375
2 0.5028993435448578 0.28354248046874997 0.8662472647702407 0.4252587890625
2 0.46391958424507657 0.76485595703125 0.7911761487964989 0.3595361328125
0 0.8198030634573304 0.29900634765625 0.07652078774617067 0.0773193359375
0 0.11885940919037198 0.71975341796875 0.08662472647702407 0.0760302734375